0;22.50
249;22.50
500;22.50
751;22.50
1002;22.50
1253;22.00
1503;21.75
1754;22.00
2004;22.50
2255;22.00
2506;22.00
2757;22.25
3007;22.00
3258;21.75
3509;22.00
3760;22.00
4011;21.75
4261;22.00
4512;22.00
4762;22.50
5013;22.00
5264;21.75
5515;22.00
5766;22.50
6017;22.25
6266;21.75
6517;22.00
6768;22.25
7019;22.50
7270;22.25
7521;22.25
7772;22.00
8022;22.25
8272;22.00
8523;21.75
8774;22.25
9025;22.00
9276;22.00
9527;22.25
9777;22.50
10028;22.50
10278;22.50
10529;22.00
10780;22.00
11031;22.25
11282;22.00
11533;22.50
11784;22.50
12034;22.25
12284;22.25
12535;23.00
12786;24.50
13037;26.00
13288;27.75
13539;29.75
13790;32.00
14041;35.25
14290;38.50
14541;41.75
14792;46.00
15043;50.50
15294;55.50
15545;60.00
15796;65.25
16047;70.00
16297;74.50
16548;79.00
16798;83.50
17049;87.25
17300;91.25
17551;95.00
17802;98.50
18053;101.75
18304;104.75
18554;108.00
18805;110.75
19056;113.25
19307;115.25
19558;118.00
19808;120.25
20059;121.75
20310;124.50
20560;126.25
20811;127.50
21062;130.25
21313;131.00
21564;133.50
21815;134.50
22066;136.25
22317;137.50
22567;139.00
22818;140.00
23069;141.00
23320;142.75
23571;143.75
23822;144.25
24072;146.00
24323;147.00
24573;148.00
24824;148.25
25075;149.75
25326;150.50
25577;151.00
25828;152.00
26079;153.00
26330;153.75
26580;154.25
26831;154.75
27082;155.75
27333;156.50
27584;157.25
27835;157.75
28086;157.75
28337;159.25
28587;159.50
28837;160.50
29088;160.50
29339;161.25
29590;161.75
29841;162.00
30092;162.75
30343;163.00
30594;163.50
30844;164.00
31095;164.50
31346;164.75
31597;165.50
31848;166.25
32099;166.00
32350;166.75
32601;167.00
32850;167.50
33101;167.50
33352;168.25
33603;168.50
33854;168.50
34105;169.25
34356;168.25
34607;169.25
34857;169.75
35108;170.00
35359;170.25
35610;170.25
35861;170.75
36112;171.00
36363;171.25
36614;171.25
36865;171.50
37114;172.00
37365;171.50
37616;172.00
37867;172.50
38118;172.75
38369;172.50
38620;172.50
38871;172.75
39121;173.25
39372;173.25
39623;173.25
39874;173.50
40125;173.75
40376;173.75
40627;173.25
40878;174.00
41128;174.00
41379;174.25
41629;174.00
41880;174.25
42131;174.25
42382;174.50
42633;174.50
42884;174.75
43134;175.00
43385;174.75
43636;175.00
43887;175.50
44138;175.25
44389;175.75
44640;175.50
44891;176.25
45142;176.25
45392;176.25
45643;176.75
45893;176.50
46144;176.75
46395;177.25
46646;177.50
46897;177.25
47148;177.25
47398;178.00
47649;178.25
47900;178.50
48151;178.25
48402;179.00
48653;179.25
48904;179.00
49155;179.50
49405;179.50
49656;179.50
49907;179.75
50157;180.25
50408;180.25
50659;180.50
50910;180.50
51161;180.50
51411;180.75
51662;181.00
51913;180.75
52164;181.25
52415;181.75
52666;181.75
52917;182.00
53168;182.25
53419;182.25
53669;182.50
53920;182.00
54171;182.75
54422;182.75
54672;183.00
54923;183.00
55174;183.00
55425;183.00
55675;183.00
55926;182.50
56177;183.25
56428;183.25
56679;183.00
56930;182.50
57181;183.25
57432;183.25
57682;183.25
57933;183.50
58184;182.75
58435;183.25
58686;183.00
58936;183.50
59187;183.50
59438;183.25
59688;183.25
59939;183.50
60190;183.25
60441;183.00
60692;183.75
60943;183.50
61194;183.50
61445;183.25
61696;183.50
61946;183.50
62197;184.00
62448;183.75
62699;183.50
62950;183.75
63200;184.00
63451;183.75
63702;183.50
63952;183.50
64203;183.75
64454;183.75
64705;184.00
64956;184.00
65207;184.00
65458;184.00
65709;184.00
65959;184.00
66210;183.75
66461;183.50
66712;184.25
66963;184.00
67214;182.75
67464;180.25
67715;177.00
67965;173.25
68216;169.25
68467;165.25
68718;160.75
68969;157.25
69220;153.50
69471;150.75
69722;147.25
69972;144.50
70223;142.50
70474;139.75
70725;137.50
70976;135.25
71227;133.00
71478;131.00
71728;129.25
71979;127.00
72229;126.00
72480;124.50
72731;123.00
72982;122.00
73233;121.00
73484;119.75
73735;119.25
73986;117.75
74236;117.75
74487;117.00
74738;116.25
74989;116.00
75240;114.75
75491;115.25
75742;114.50
75992;114.25
76242;113.75
76493;114.25
76744;113.75
76995;113.75
77246;113.25
77497;114.00
77748;113.50
77999;114.00
78249;114.00
78500;114.00
78751;113.50
79002;113.25
79253;114.50
79504;114.75
79755;114.50
80006;114.50
80257;115.25
80506;115.25
80757;115.50
81008;115.75
81259;116.00
81510;116.00
81761;115.75
82012;116.50
82263;116.00
82513;116.75
82764;116.75
83015;117.25
83266;117.00
83517;117.50
83768;117.75
84019;117.75
84270;117.75
84520;118.00
84770;118.25
85021;118.25
85272;118.50
85523;118.75
85774;118.75
86025;119.00
86276;119.00
86526;119.00
86777;119.50
87028;119.75
87279;119.75
87530;119.75
87781;119.75
88032;119.75
88283;120.00
88534;119.75
88784;120.25
89035;120.25
89285;120.25
89536;120.25
89787;120.25
90038;120.50
90289;120.50
90540;120.00
90790;120.00
91041;120.50
91292;120.25
91543;120.50
91794;120.50
92045;120.75
92296;121.00
92547;120.75
92797;121.00
93048;121.00
93299;121.25
93549;120.75
93800;120.75
94051;120.50
94302;120.75
94553;120.75
94803;120.50
95054;120.00
95305;120.75
95556;120.75
95807;120.50
96058;120.50
96309;120.75
96560;120.50
96811;120.75
97061;121.00
97312;120.50
97563;120.75
97814;120.75
98064;120.50
98315;120.75
98566;120.50
98817;120.50
99067;120.25
99318;120.00
99569;120.25
99820;120.50
100071;120.50
100322;120.25
100573;120.50
100824;120.50
101074;120.25
101325;119.75
101576;120.25
101827;120.25
102078;120.50
102329;120.25
102580;119.75
102831;119.75
103081;120.00
103332;119.50
103583;120.00
103834;119.75
104085;119.50
104336;119.50
104587;119.75
104838;119.75
105089;119.50
105339;119.75
105590;119.75
105841;119.50
106092;120.00
106343;119.50
106594;119.75
106845;119.50
107096;119.50
107346;119.50
107597;119.50
107848;119.25
108099;118.50
108350;119.25
108601;119.25
108852;119.25
109102;118.25
109352;118.75
109603;118.75
109854;119.00
110105;118.50
110356;118.75
110607;119.00
110858;119.00
111109;118.50
111360;118.25
111610;118.25
111861;118.50
112112;118.75
112363;118.75
112614;118.75
112865;118.50
113116;118.50
113367;118.00
113617;118.25
113868;117.75
114119;118.25
114370;118.50
114621;118.25
114872;118.25
115123;118.00
115374;118.25
115624;117.75
115875;118.00
116126;117.50
116377;118.25
116628;117.75
116879;117.75
117130;118.00
117381;118.00
117632;118.00
117882;117.50
118133;117.50
118384;117.50
118635;117.50
118886;117.75
119137;117.75
119388;117.50
119639;117.75
119889;117.25
120140;117.50
120391;117.50
120642;117.25
120893;117.75
121144;117.25
121395;117.50
121646;116.75
121896;117.00
122147;117.25
122398;117.25
122649;116.50
122900;117.25
123151;117.00
123402;117.00
123653;117.00
123904;117.00
124154;116.75
124405;117.00
124656;116.75
124907;117.00
125158;117.00
125409;116.50
125660;117.00
125911;116.50
126161;116.00
126412;116.75
126663;116.75
126914;115.75
127165;116.75
127415;116.50
127666;116.75
127917;116.75
128167;116.50
128418;116.00
128669;116.25
128920;116.25
129171;116.00
129422;116.25
129673;116.50
129924;116.25
130174;115.75
130425;116.25
130676;116.25
130927;115.75
131178;116.25
131429;116.25
131680;116.25
131931;116.00
132182;115.75
132432;115.75
132683;116.00
132934;116.00
133185;116.25
133436;116.00
133687;116.00
133938;116.00
134189;116.00
134439;115.75
134690;115.50
134941;116.00
135192;116.00
135443;115.50
135694;115.75
135945;115.75
136196;115.75
136446;115.50
136697;115.50
136948;115.00
137199;114.50
137450;114.50
137701;113.75
137952;114.00
138203;113.50
138454;113.00
138704;112.25
138955;111.50
139206;111.25
139457;110.25
139708;110.50
139959;109.75
140210;108.75
140461;108.75
140711;108.00
140962;107.50
141213;106.50
141464;106.00
141715;105.50
141966;104.75
142217;104.25
142468;103.50
142718;102.75
142969;102.00
143220;101.50
143471;101.25
143722;100.50
143973;99.75
144224;98.75
144474;98.50
144724;97.75
144975;97.25
145226;96.50
145477;96.25
145728;95.50
145979;94.50
146230;94.00
146481;94.00
146732;93.25
146982;92.50
147233;91.75
147484;91.50
147735;91.25
147986;89.50
148237;90.00
148488;89.00
148739;88.50
148988;88.25
149239;88.00
149490;87.00
149741;87.00
149992;86.25
150243;85.75
150494;85.75
150745;85.75
150995;84.50
151246;84.50
151497;83.75
151748;83.50
151999;83.00
152250;82.50
152501;82.25
152752;81.75
153003;81.25
153253;81.25
153503;80.75
153754;80.50
154005;80.25
154256;79.50
154507;78.75
154758;79.00
155009;79.00
155259;78.50
155510;78.00
155761;78.00
156012;77.50
156263;77.00
156514;77.00
156765;76.75
157016;76.50
157266;76.25
157517;76.00
157767;75.75
158018;75.50
158269;75.00
158520;74.75
158771;74.75
159022;74.50
159272;74.50
159523;73.75
159774;73.50
160025;73.75
160276;73.00
160527;72.75
160778;73.00
161029;72.50
161280;72.25
161530;72.00
161781;71.50
162031;71.25
162282;71.75
162533;71.25
162784;71.25
163035;71.00
163286;71.00
163536;70.50
163787;70.25
164038;70.00
164289;70.00
164540;70.00
164791;69.50
165042;69.50
165293;69.25
165543;69.25
165794;68.75
166045;68.25
166296;68.75
166546;68.50
166797;68.25
167048;68.25
167299;68.00
167549;67.75
167800;68.00
168051;67.50
168302;67.50
168553;67.25
168804;66.75
169055;67.00
169306;66.50
169556;66.50
169807;66.25
170058;66.50
170309;66.00
170560;66.00
170810;65.75
171061;65.75
171312;65.50
171563;65.25
171813;65.00
172064;64.75
172315;64.50
172566;64.00
172817;64.00
173068;63.50
173319;63.25
173570;62.75
173820;63.25
174071;62.00
174322;62.50
174573;62.00
174824;61.75
175074;61.50
175325;61.25
175576;60.75
175826;60.50
176077;60.75
176328;60.50
176579;60.25
176830;60.00
177081;59.75
177332;59.50
177583;59.25
177833;59.00
178084;58.75
178335;58.75
178586;57.75
178837;58.25
179088;57.75
179338;58.25
179589;57.75
179840;58.00
180090;57.50
180341;57.50
180592;57.00
180843;57.00
181094;57.00
181345;56.50
181596;57.00
181847;56.50
182097;56.50
182348;56.25
182599;55.75
182850;56.00
183101;55.75
183351;55.75
183602;55.75
183853;55.25
184103;55.25
184354;55.50
184605;55.50
184856;54.75
185107;54.75
185358;55.00
185609;54.75
185860;54.50
186110;54.75
186361;54.50
186612;54.50
186863;54.50
187114;54.25
187365;54.25
187615;54.25
187866;54.25
188116;54.00
188367;54.00
188618;53.75
188869;53.25
189120;53.75
189371;53.75
189622;53.75
189873;53.50
190124;53.50
190374;53.25
190625;53.25
190876;53.25
191127;53.25
191378;53.25
191629;53.25
191880;52.25
192130;53.25
192380;52.75
192631;53.00
192882;52.75
193133;53.00
193384;52.25
193635;52.50
193886;52.50
194137;52.50
194387;52.50
194638;51.75
194889;52.50
195140;52.25
195391;52.00
195642;51.75
195893;52.25
196143;51.75
196393;52.00
196644;52.00
196895;52.00
197146;52.00
197397;51.75
197648;52.00
197899;51.75
198150;52.00
198401;51.75
198651;51.00
198902;51.50
199153;51.50
199404;51.50
199655;51.25
199906;51.50
200156;51.25
200407;51.25
200657;51.25
200908;51.25
201159;51.00
201410;51.25
201661;50.75
201912;51.00
202163;51.00
202414;51.00
202664;51.25
202915;51.00
203166;50.50
203417;50.75
203668;51.00
203919;50.50
204170;51.00
204420;50.75
204670;50.25
204921;50.50
205172;50.25
205423;51.00
205674;50.25
205925;50.50
206176;50.25
206427;50.50
206678;49.75
206928;50.50
207179;50.50
207430;50.25
207681;50.25
207932;49.50
208183;49.75
208434;49.75
208684;50.00
208934;50.00
209185;50.00
209436;49.75
209687;50.00
209938;50.00
210189;50.00
210440;49.50
210691;49.50
210941;50.00
211192;49.50
211443;50.00
211694;49.75
211945;49.75
212196;49.75
212447;49.75
212697;49.50
212947;49.75
213198;49.75
213449;49.50
213700;49.75
213951;49.50
214202;49.50
214453;49.50
214704;49.25
214955;49.00
215205;49.25
215456;49.25
215707;49.25
215958;49.25
216209;49.50
216460;49.25
216711;49.00
216961;49.00
217211;49.00
217462;49.25
217713;49.25
217964;49.00
218215;48.50
218466;49.00
218717;49.00
218968;49.00
219218;49.00
219469;49.00
219720;49.50
219971;48.75
220222;49.00
220473;48.50
220724;49.00
220974;49.00
221224;49.00
221475;48.75
221726;48.50
221977;48.75
222228;48.50
222479;49.00
222730;48.50
222981;49.00
223232;48.25
223482;48.75
223733;48.25
223984;48.25
224235;48.25
224486;48.50
224737;48.75
224988;48.75
225238;48.75
225488;48.25
225739;48.25
225990;48.50
226241;48.50
226492;48.50
226743;48.50
226994;48.50
227245;48.50
227495;48.25
227746;48.50
227997;48.50
228248;48.25
228499;48.75
228750;48.25
229001;48.00
229251;48.25
229501;48.25
229752;48.25
230003;47.75
230254;48.25
230505;48.50
230756;48.50
231007;48.25
231258;48.50
231508;47.75
231759;48.25
232010;48.25
232261;48.00
232512;47.75
232763;48.00
233014;48.25
233265;48.00
233515;47.75
233765;48.00
234016;48.25
234267;48.00
234518;48.25
234769;48.00
235020;48.25
235271;48.00
235522;47.75
235772;48.00
236023;48.00
236274;48.00
236525;48.00
236776;48.00
237027;47.75
237278;48.25
237528;48.00
237778;47.50
238029;47.75
238280;47.50
238531;48.00
238782;47.25
239033;48.00
239284;47.75
239535;48.25
239785;47.25
240036;47.75
240287;47.75
240538;47.25
240789;47.75
241040;47.75
241291;48.00
241542;47.75
241792;47.50
242042;47.50
242293;47.75
242544;47.50
242795;47.50
243046;47.50
243297;47.25
243548;47.75
243799;47.25
244049;47.75
244300;47.00
244551;47.50
244802;47.00
245053;47.25
245304;47.50
245555;47.75
245806;47.75
246055;46.50
246306;47.50
246557;47.00
246808;47.50
247059;47.50
247310;47.50
247561;47.25
247812;47.50
248062;47.50
248313;47.25
248564;47.50
248815;47.00
249066;47.25
249317;47.25
249568;47.50
249819;47.50
250070;47.00
