Iteration	CPUTime	PhysTime	Travels	Value	AvValue	MinValue	MaxValue	Delta	Criteria	PrevAvRefValue	Progress	CriteriaType	CriteriaVarType	CriteriaPercentage
1	1	0	0.025	0	0	0	0	0	0	0	0	0	0	3
2	1	0	0.05	0	0	0	0	0	0	0	0	0	0	3
3	1	0	0.075	0	0	0	0	0	0	0	0	0	0	3
4	1	0	0.1	0	0	0	0	0	0	0	0	0	0	3
5	1	0	0.125	0	0	0	0	0	0	0	0	0	0	3
6	1	0	0.15	0	0	0	0	0	0	0	0	0	0	3
7	1	0	0.175	0	0	0	0	0	0	0	0	0	0	3
8	1	0	0.2	0	0	0	0	0	0	0	0	0	0	3
9	1	0	0.225	0	0	0	0	0	0	0	0	0	0	3
10	1	0	0.25	0	0	0	0	0	0	0	0	0	0	3
11	1	0	0.275	0	0	0	0	0	0	0	0	0	0	3
12	1	0	0.3	0	0	0	0	0	0	0	0	0	0	3
13	1	0	0.325	0	0	0	0	0	0	0	0	0	0	3
14	2	0	0.35	0	0	0	0	0	0	0	0	0	0	3
15	2	0	0.375	0	0	0	0	0	0	0	0	0	0	3
16	2	0	0.4	0	0	0	0	0	0	0	0	0	0	3
17	2	0	0.425	0	0	0	0	0	0	0	0	0	0	3
18	2	0	0.45	0	0	0	0	0	0	0	0	0	0	3
19	2	0	0.475	0	0	0	0	0	0	0	0	0	0	3
20	2	0	0.5	0	0	0	0	0	0	0	0	0	0	3
21	2	0	0.525	0	0	0	0	0	0	0	0	0	0	3
22	2	0	0.55	0	0	0	0	0	0	0	0	0	0	3
23	2	0	0.575	0	0	0	0	0	0	0	0	0	0	3
24	2	0	0.6	0	0	0	0	0	0	0	0	0	0	3
25	2	0	0.625	0	0	0	0	0	0	0	0	0	0	3
26	2	0	0.65	0	0	0	0	0	0	0	0	0	0	3
27	2	0	0.675	0	0	0	0	0	0	0	0	0	0	3
28	2	0	0.7	0	0	0	0	0	0	0	0	0	0	3
29	2	0	0.725	0	0	0	0	0	0	0	0	0	0	3
30	3	0	0.75	0	0	0	0	0	0	0	0	0	0	3
31	3	0	0.775	0	0	0	0	0	0	0	0	0	0	3
32	3	0	0.8	0	0	0	0	0	0	0	0	0	0	3
33	3	0	0.825	0	0	0	0	0	0	0	0	0	0	3
34	3	0	0.85	0	0	0	0	0	0	0	0	0	0	3
35	3	0	0.875	0	0	0	0	0	0	0	0	0	0	3
36	3	0	0.9	0	0	0	0	0	0	0	0	0	0	3
37	3	0	0.925	0	0	0	0	0	0	0	0	0	0	3
38	3	0	0.95	0	0	0	0	0	0	0	0	0	0	3
39	3	0	0.975	0	0	0	0	0	0	0	0	0	0	3
40	3	0	1	0	0	0	0	0	5e-06	0	100	0	0	3
41	3	0	1.025	0	0	0	0	0	5e-06	0	100	0	0	3
42	3	0	1.05	0	0	0	0	0	5e-06	0	100	0	0	3
43	3	0	1.075	0	0	0	0	0	5e-06	0	100	0	0	3
44	3	0	1.1	0	0	0	0	0	5e-06	0	100	0	0	3
45	4	0	1.125	0	0	0	0	0	5e-06	0	100	0	0	3
46	4	0	1.15	0	0	0	0	0	5e-06	0	100	0	0	3
47	4	0	1.175	0	0	0	0	0	5e-06	0	100	0	0	3
48	4	0	1.2	0	0	0	0	0	5e-06	0	100	0	0	3
49	4	0	1.225	0	0	0	0	0	5e-06	0	100	0	0	3
50	4	0	1.25	0	0	0	0	0	5e-06	0	100	0	0	3
51	4	0	1.275	0	0	0	0	0	5e-06	0	100	0	0	3
52	4	0	1.3	0	0	0	0	0	5e-06	0	100	0	0	3
53	4	0	1.325	0	0	0	0	0	5e-06	0	100	0	0	3
54	4	0	1.35	0	0	0	0	0	5e-06	0	100	0	0	3
55	4	0	1.375	0	0	0	0	0	5e-06	0	100	0	0	3
56	4	0	1.4	0	0	0	0	0	5e-06	0	100	0	0	3
57	4	0	1.425	0	0	0	0	0	5e-06	0	100	0	0	3
58	4	0	1.45	0	0	0	0	0	5e-06	0	100	0	0	3
59	4	0	1.475	0	0	0	0	0	5e-06	0	100	0	0	3
60	4	0	1.5	0	0	0	0	0	5e-06	0	100	0	0	3
61	5	0	1.525	0	0	0	0	0	5e-06	0	100	0	0	3
62	5	0	1.55	0	0	0	0	0	5e-06	0	100	0	0	3
63	5	0	1.575	0	0	0	0	0	5e-06	0	100	0	0	3
64	5	0	1.6	0	0	0	0	0	5e-06	0	100	0	0	3
65	5	0	1.625	0	0	0	0	0	5e-06	0	100	0	0	3
66	5	0	1.65	0	0	0	0	0	5e-06	0	100	0	0	3
67	5	0	1.675	0	0	0	0	0	5e-06	0	100	0	0	3
68	5	0	1.7	0	0	0	0	0	5e-06	0	100	0	0	3
69	5	0	1.725	0	0	0	0	0	5e-06	0	100	0	0	3
70	5	0	1.75	0	0	0	0	0	5e-06	0	100	0	0	3
71	5	0	1.775	0	0	0	0	0	5e-06	0	100	0	0	3
72	5	0	1.8	0	0	0	0	0	5e-06	0	100	0	0	3
73	5	0	1.825	0	0	0	0	0	5e-06	0	100	0	0	3
74	5	0	1.85	0	0	0	0	0	5e-06	0	100	0	0	3
75	5	0	1.875	0	0	0	0	0	5e-06	0	100	0	0	3
76	5	0	1.9	0	0	0	0	0	5e-06	0	100	0	0	3
77	6	0	1.925	0	0	0	0	0	5e-06	0	100	0	0	3
78	6	0	1.95	0	0	0	0	0	5e-06	0	100	0	0	3
79	6	0	1.975	0	0	0	0	0	5e-06	0	100	0	0	3
80	6	0	2	0	0	0	0	0	5e-06	0	100	0	0	3
81	6	0	2.025	0	0	0	0	0	5e-06	0	100	0	0	3
82	6	0	2.05	0	0	0	0	0	5e-06	0	100	0	0	3
83	6	0	2.075	0	0	0	0	0	5e-06	0	100	0	0	3
84	6	0	2.1	0	0	0	0	0	5e-06	0	100	0	0	3
85	6	0	2.125	0	0	0	0	0	5e-06	0	100	0	0	3
86	6	0	2.15	0	0	0	0	0	5e-06	0	100	0	0	3
87	6	0	2.175	0	0	0	0	0	5e-06	0	100	0	0	3
88	6	0	2.2	0	0	0	0	0	5e-06	0	100	0	0	3
89	6	0	2.225	0	0	0	0	0	5e-06	0	100	0	0	3
90	6	0	2.25	0	0	0	0	0	5e-06	0	100	0	0	3
91	6	0	2.275	0	0	0	0	0	5e-06	0	100	0	0	3
92	6	0	2.3	0	0	0	0	0	5e-06	0	100	0	0	3
93	6	0	2.325	0	0	0	0	0	5e-06	0	100	0	0	3
94	7	0	2.35	0	0	0	0	0	5e-06	0	100	0	0	3
95	7	0	2.375	0	0	0	0	0	5e-06	0	100	0	0	3
96	7	0	2.4	0	0	0	0	0	5e-06	0	100	0	0	3
97	7	0	2.425	0	0	0	0	0	5e-06	0	100	0	0	3
98	7	0	2.45	0	0	0	0	0	5e-06	0	100	0	0	3
99	7	0	2.475	0	0	0	0	0	5e-06	0	100	0	0	3
100	7	0	2.5	0	0	0	0	0	5e-06	0	100	0	0	3
101	7	0	2.525	0	0	0	0	0	5e-06	0	100	0	0	3
102	7	0	2.55	0	0	0	0	0	5e-06	0	100	0	0	3
103	7	0	2.575	0	0	0	0	0	5e-06	0	100	0	0	3
104	7	0	2.6	0	0	0	0	0	5e-06	0	100	0	0	3
105	7	0	2.625	0	0	0	0	0	5e-06	0	100	0	0	3
106	7	0	2.65	0	0	0	0	0	5e-06	0	100	0	0	3
107	7	0	2.675	0	0	0	0	0	5e-06	0	100	0	0	3
108	7	0	2.7	0	0	0	0	0	5e-06	0	100	0	0	3
109	7	0	2.725	0	0	0	0	0	5e-06	0	100	0	0	3
110	8	0	2.75	0	0	0	0	0	5e-06	0	100	0	0	3
111	8	0	2.775	0	0	0	0	0	5e-06	0	100	0	0	3
112	8	0	2.8	0	0	0	0	0	5e-06	0	100	0	0	3
113	8	0	2.825	0	0	0	0	0	5e-06	0	100	0	0	3
114	8	0	2.85	0	0	0	0	0	5e-06	0	100	0	0	3
115	8	0	2.875	0	0	0	0	0	5e-06	0	100	0	0	3
116	8	0	2.9	0	0	0	0	0	5e-06	0	100	0	0	3
117	8	0	2.925	0	0	0	0	0	5e-06	0	100	0	0	3
118	8	0	2.95	0	0	0	0	0	5e-06	0	100	0	0	3
119	8	0	2.975	0	0	0	0	0	5e-06	0	100	0	0	3
120	8	0	3	0	0	0	0	0	5e-06	0	100	0	0	3
121	8	0	3.025	0	0	0	0	0	5e-06	0	100	0	0	3
122	8	0	3.05	0	0	0	0	0	5e-06	0	100	0	0	3
123	8	0	3.075	0	0	0	0	0	5e-06	0	100	0	0	3
124	8	0	3.1	0	0	0	0	0	5e-06	0	100	0	0	3
125	8	0	3.125	0	0	0	0	0	5e-06	0	100	0	0	3
126	9	0	3.15	0	0	0	0	0	5e-06	0	100	0	0	3
127	9	0	3.175	0	0	0	0	0	5e-06	0	100	0	0	3
128	9	0	3.2	0	0	0	0	0	5e-06	0	100	0	0	3
129	9	0	3.225	0	0	0	0	0	5e-06	0	100	0	0	3
130	9	0	3.25	0	0	0	0	0	5e-06	0	100	0	0	3
131	9	0	3.275	0	0	0	0	0	5e-06	0	100	0	0	3
132	9	0	3.3	0	0	0	0	0	5e-06	0	100	0	0	3
133	9	0	3.325	0	0	0	0	0	5e-06	0	100	0	0	3
134	9	0	3.35	0	0	0	0	0	5e-06	0	100	0	0	3
135	9	0	3.375	0	0	0	0	0	5e-06	0	100	0	0	3
136	9	0	3.4	0	0	0	0	0	5e-06	0	100	0	0	3
137	9	0	3.425	0	0	0	0	0	5e-06	0	100	0	0	3
138	9	0	3.45	0	0	0	0	0	5e-06	0	100	0	0	3
139	9	0	3.475	0	0	0	0	0	5e-06	0	100	0	0	3
140	9	0	3.5	0	0	0	0	0	5e-06	0	100	0	0	3
141	9	0	3.525	0	0	0	0	0	5e-06	0	100	0	0	3
142	9	0	3.55	0	0	0	0	0	5e-06	0	100	0	0	3
143	10	0	3.575	0	0	0	0	0	5e-06	0	100	0	0	3
144	10	0	3.6	0	0	0	0	0	5e-06	0	100	0	0	3
145	10	0	3.625	0	0	0	0	0	5e-06	0	100	0	0	3
146	10	0	3.65	0	0	0	0	0	5e-06	0	100	0	0	3
147	10	0	3.675	0	0	0	0	0	5e-06	0	100	0	0	3
148	10	0	3.7	0	0	0	0	0	5e-06	0	100	0	0	3
149	10	0	3.725	0	0	0	0	0	5e-06	0	100	0	0	3
150	10	0	3.75	0	0	0	0	0	5e-06	0	100	0	0	3
151	10	0	3.775	0	0	0	0	0	5e-06	0	100	0	0	3
152	10	0	3.8	0	0	0	0	0	5e-06	0	100	0	0	3
153	10	0	3.825	0	0	0	0	0	5e-06	0	100	0	0	3
154	10	0	3.85	0	0	0	0	0	5e-06	0	100	0	0	3
155	10	0	3.875	0	0	0	0	0	5e-06	0	100	0	0	3
156	10	0	3.9	0	0	0	0	0	5e-06	0	100	0	0	3
157	10	0	3.925	0	0	0	0	0	5e-06	0	100	0	0	3
158	10	0	3.95	0	0	0	0	0	5e-06	0	100	0	0	3
159	10	0	3.975	0	0	0	0	0	5e-06	0	100	0	0	3
160	10	0	4	0	0	0	0	0	5e-06	0	100	0	0	3
