Iteration	CPUTime	PhysTime	Travels	Value	AvValue	MinValue	MaxValue	Delta	Criteria	PrevAvRefValue	Progress	CriteriaType	CriteriaVarType	CriteriaPercentage
1	1	0	0.025	-7.27766332e-43	-7.27766332e-43	-7.27766332e-43	-7.27766332e-43	0	0	0	0	0	0	3
2	1	0	0.05	2.62531751e-08	1.31265876e-08	-7.27766332e-43	2.62531751e-08	1.31265876e-08	0	0	0	0	0	3
3	1	0	0.075	9.88639878e-08	4.1705721e-08	-7.27766332e-43	9.88639878e-08	4.1705721e-08	0	0	0	0	0	3
4	1	0	0.1	3.5578851e-08	4.01740035e-08	-7.27766332e-43	9.88639878e-08	4.1705721e-08	0	0	0	0	0	3
5	1	0	0.125	4.32588979e-08	4.07909824e-08	-7.27766332e-43	9.88639878e-08	4.1705721e-08	0	0	0	0	0	3
6	1	0	0.15	2.40717447e-08	3.80044427e-08	-7.27766332e-43	9.88639878e-08	4.1705721e-08	0	0	0	0	0	3
7	1	0	0.175	-1.74997478e-09	3.23252402e-08	-1.74997478e-09	9.88639878e-08	4.1705721e-08	0	0	0	0	0	3
8	1	0	0.2	-5.55100393e-08	2.13458303e-08	-5.55100393e-08	9.88639878e-08	4.1705721e-08	0	0	0	0	0	3
9	1	0	0.225	3.73115556e-07	6.04313553e-08	-5.55100393e-08	3.73115556e-07	6.04313553e-08	0	0	0	0	0	3
10	1	0	0.25	1.22433181e-06	1.76821401e-07	-5.55100393e-08	1.22433181e-06	1.76821401e-07	0	0	0	0	0	3
11	1	0	0.275	9.01752449e-07	2.42724223e-07	-5.55100393e-08	1.22433181e-06	2.42724223e-07	0	0	0	0	0	3
12	1	0	0.3	-3.15908359e-06	-4.07597612e-08	-3.15908359e-06	1.22433181e-06	2.83483984e-07	0	0	0	0	0	3
13	1	0	0.325	3.72297147e-07	-8.98615288e-09	-3.15908359e-06	1.22433181e-06	2.83483984e-07	0	0	0	0	0	3
14	2	0	0.35	4.48269337e-07	2.36749535e-08	-3.15908359e-06	1.22433181e-06	2.83483984e-07	0	0	0	0	0	3
15	2	0	0.375	-3.62530802e-06	-2.19590578e-07	-3.62530802e-06	1.22433181e-06	4.62314801e-07	0	0	0	0	0	3
16	2	0	0.4	2.42594647e-06	-5.42445127e-08	-3.62530802e-06	2.42594647e-06	4.62314801e-07	0	0	0	0	0	3
17	2	0	0.425	-2.38157007e-06	-1.91146016e-07	-3.62530802e-06	2.42594647e-06	4.62314801e-07	0	0	0	0	0	3
18	2	0	0.45	4.51360311e-06	7.0228935e-08	-3.62530802e-06	4.51360311e-06	4.62314801e-07	0	0	0	0	0	3
19	2	0	0.475	-2.12161198e-06	-4.51311134e-08	-3.62530802e-06	4.51360311e-06	4.62314801e-07	0	0	0	0	0	3
20	2	0	0.5	5.13769573e-07	-1.71860791e-08	-3.62530802e-06	4.51360311e-06	4.62314801e-07	0	0	0	0	0	3
21	2	0	0.525	1.3265259e-06	4.9140216e-08	-3.62530802e-06	4.51360311e-06	4.62314801e-07	0	0	0	0	0	3
22	2	0	0.55	-8.28800436e-06	-3.66572661e-07	-8.28800436e-06	4.51360311e-06	6.09296884e-07	0	0	0	0	0	3
23	2	0	0.575	7.50170589e-06	3.56943437e-09	-8.28800436e-06	7.50170589e-06	6.09296884e-07	0	0	0	0	0	3
24	2	0	0.6	-1.78494266e-06	-8.74566413e-08	-8.28800436e-06	7.50170589e-06	6.09296884e-07	0	0	0	0	0	3
25	2	0	0.625	2.9687441e-06	5.88176186e-08	-8.28800436e-06	7.50170589e-06	6.09296884e-07	0	0	0	0	0	3
26	2	0	0.65	4.02803167e-06	2.59015615e-07	-8.28800436e-06	7.50170589e-06	6.25588276e-07	0	0	0	0	0	3
27	2	0	0.675	-6.26080656e-06	-5.3937214e-08	-8.28800436e-06	7.50170589e-06	6.25588276e-07	0	0	0	0	0	3
28	2	0	0.7	2.82769724e-06	9.02231497e-08	-8.28800436e-06	7.50170589e-06	6.25588276e-07	0	0	0	0	0	3
29	2	0	0.725	1.64995968e-05	8.96547212e-07	-8.28800436e-06	1.64995968e-05	1.26311987e-06	0	0	0	0	0	3
30	3	0	0.75	-1.13958861e-05	2.65536319e-07	-1.13958861e-05	1.64995968e-05	1.26311987e-06	0	0	0	0	0	3
31	3	0	0.775	-1.24234191e-05	-4.00722257e-07	-1.24234191e-05	1.64995968e-05	1.29726947e-06	0	0	0	0	0	3
32	3	0	0.8	6.7234685e-06	9.34053475e-08	-1.24234191e-05	1.64995968e-05	1.29726947e-06	0	0	0	0	0	3
33	3	0	0.825	-1.14829735e-05	-4.99358184e-07	-1.24234191e-05	1.64995968e-05	1.3959054e-06	0	0	0	0	0	3
34	3	0	0.85	2.03045076e-05	4.93453731e-07	-1.24234191e-05	2.03045076e-05	1.3959054e-06	0	0	0	0	0	3
35	3	0	0.875	1.33704774e-05	1.343243e-06	-1.24234191e-05	2.03045076e-05	1.84260118e-06	0	0	0	0	0	3
36	3	0	0.9	-1.22578894e-05	6.09051205e-07	-1.24234191e-05	2.03045076e-05	1.84260118e-06	0	0	0	0	0	3
37	3	0	0.925	1.09215208e-06	7.82737313e-07	-1.24234191e-05	2.03045076e-05	1.84260118e-06	0	0	0	0	0	3
38	3	0	0.95	7.58171998e-06	9.36143157e-07	-1.24234191e-05	2.03045076e-05	1.84260118e-06	0	0	0	0	0	3
39	3	0	0.975	1.25210337e-05	1.66827544e-06	-1.24234191e-05	2.03045076e-05	2.16763363e-06	0	0	0	0	0	3
40	3	0	1	9.70002491e-06	2.12758821e-06	-1.24234191e-05	2.03045076e-05	2.62694639e-06	0.00668736252	0	100	0	0	3
41	3	0	1.025	8.49455354e-06	2.48598959e-06	-1.24234191e-05	2.03045076e-05	2.98534778e-06	0.00715160355	0	100	0	0	3
42	3	0	1.05	1.08322408e-05	3.44200185e-06	-1.24234191e-05	2.03045076e-05	3.94136003e-06	0.00738678779	0	100	0	0	3
43	3	0	1.075	1.05574754e-05	3.59479033e-06	-1.24234191e-05	2.03045076e-05	4.09414851e-06	0.00811756306	0	100	0	0	3
44	3	0	1.1	1.03720403e-05	3.91751652e-06	-1.24234191e-05	2.03045076e-05	4.4168747e-06	0.00828758002	0	100	0	0	3
45	4	0	1.125	1.07819651e-05	4.51594069e-06	-1.24234191e-05	2.03045076e-05	5.01529888e-06	0.0103330941	0	100	0	0	3
46	4	0	1.15	5.18950153e-06	4.62169105e-06	-1.24234191e-05	2.03045076e-05	5.12104923e-06	0.00922979187	0	100	0	0	3
47	4	0	1.175	1.2998312e-05	5.04884725e-06	-1.24234191e-05	2.03045076e-05	5.54820544e-06	0.0119120774	0	100	0	0	3
48	4	0	1.2	1.93614149e-05	6.26895303e-06	-1.24234191e-05	2.03045076e-05	6.76831122e-06	0.00924753497	0	100	0	0	3
49	4	0	1.225	1.21418296e-05	6.71248315e-06	-1.24234191e-05	2.03045076e-05	7.21184133e-06	0.0130362365	0	100	0	0	3
50	4	0	1.25	1.9967954e-05	6.87764302e-06	-1.24234191e-05	2.03045076e-05	7.3770012e-06	0.00872602732	0	100	0	0	3
51	4	0	1.275	2.33807104e-05	8.53367142e-06	-1.24234191e-05	2.33807104e-05	9.0330296e-06	0.0170149579	0	100	0	0	3
52	4	0	1.3	2.3133016e-05	1.0226835e-05	-1.22578894e-05	2.33807104e-05	1.07261932e-05	0.0101022548	0	100	0	0	3
53	4	0	1.325	1.00406847e-05	1.03847977e-05	-1.22578894e-05	2.33807104e-05	1.08841559e-05	0.0183378322	0	100	0	0	3
54	4	0	1.35	1.770068e-05	1.17744955e-05	-1.22578894e-05	2.33807104e-05	1.12810417e-05	0.0110255004	0	100	0	0	3
55	4	0	1.375	1.43346283e-05	1.14902155e-05	-1.22578894e-05	2.33807104e-05	1.11654442e-05	0.018387059	0	100	0	0	3
56	4	0	1.4	2.3705522e-05	1.19823605e-05	-1.22578894e-05	2.3705522e-05	1.13733093e-05	0.0121389143	0	100	0	0	3
57	4	0	1.425	-8.09803113e-07	1.25275074e-05	-8.09803113e-07	2.3705522e-05	1.17447701e-05	0.0188984008	0	100	0	0	3
58	4	0	1.45	7.64779014e-06	1.28396807e-05	-8.09803113e-07	2.3705522e-05	1.19035375e-05	0.0130161123	0	100	0	0	3
59	4	0	1.475	5.45984492e-06	1.2738639e-05	-8.09803113e-07	2.3705522e-05	1.11714052e-05	0.0180830877	0	100	0	0	3
60	4	0	1.5	1.194545e-05	1.27112303e-05	-8.09803113e-07	2.3705522e-05	1.07120925e-05	0.0137246313	0	100	0	0	3
61	5	0	1.525	8.3581733e-06	1.26473326e-05	-8.09803113e-07	2.3705522e-05	1.03536911e-05	0.018751548	0	100	0	0	3
62	5	0	1.55	5.49396632e-06	1.25044475e-05	-8.09803113e-07	2.3705522e-05	9.39767883e-06	0.0142373034	0	100	0	0	3
63	5	0	1.575	7.60876496e-06	1.23509486e-05	-8.09803113e-07	2.3705522e-05	9.24489035e-06	0.017343451	0	100	0	0	3
64	5	0	1.6	1.34397456e-05	1.24881996e-05	-8.09803113e-07	2.3705522e-05	8.92216416e-06	0.0146791142	0	100	0	0	3
65	5	0	1.625	9.37264183e-06	1.24406092e-05	-8.09803113e-07	2.3705522e-05	8.32373998e-06	0.0172096937	0	100	0	0	3
66	5	0	1.65	1.79982402e-05	1.27842413e-05	-8.09803113e-07	2.3705522e-05	8.21798963e-06	0.0153735891	0	100	0	0	3
67	5	0	1.675	1.51704768e-05	1.32595259e-05	-8.09803113e-07	2.3705522e-05	8.2106786e-06	0.0174154958	0	100	0	0	3
68	5	0	1.7	2.72308546e-05	1.3937266e-05	-8.09803113e-07	2.72308546e-05	7.66831294e-06	0.0155879015	0	100	0	0	3
69	5	0	1.725	1.588383e-05	1.37716667e-05	-8.09803113e-07	2.72308546e-05	7.22478283e-06	0.017277417	0	100	0	0	3
70	5	0	1.75	1.32689119e-05	1.38253373e-05	-8.09803113e-07	2.72308546e-05	7.05962296e-06	0.0160154845	0	100	0	0	3
71	5	0	1.775	1.72721825e-05	1.36969672e-05	-8.09803113e-07	2.72308546e-05	5.40359456e-06	0.0169406416	0	100	0	0	3
72	5	0	1.8	2.32647284e-05	1.36914443e-05	-8.09803113e-07	2.72308546e-05	3.71043099e-06	0.0159994377	0	100	0	0	3
73	5	0	1.825	1.93381134e-05	1.35107346e-05	-8.09803113e-07	2.72308546e-05	3.55246831e-06	0.0171246167	0	100	0	0	3
74	5	0	1.85	1.8438971e-05	1.3910653e-05	-8.09803113e-07	2.72308546e-05	2.44705049e-06	0.015981211	0	100	0	0	3
75	5	0	1.875	1.75931267e-05	1.39055314e-05	-8.09803113e-07	2.72308546e-05	2.44705049e-06	0.0169201583	0	100	0	0	3
76	5	0	1.9	1.81520778e-05	1.40873147e-05	-8.09803113e-07	2.72308546e-05	2.10495426e-06	0.016153623	0	100	0	0	3
77	6	0	1.925	1.32795582e-05	1.35908403e-05	-8.09803113e-07	2.72308546e-05	1.73636612e-06	0.0170856833	0	100	0	0	3
78	6	0	1.95	1.99532952e-05	1.45795592e-05	5.45984492e-06	2.72308546e-05	2.22861062e-06	0.0160933604	0	100	0	0	3
79	6	0	1.975	2.33241219e-05	1.53260512e-05	5.45984492e-06	2.72308546e-05	2.97510261e-06	0.017711593	0	100	0	0	3
80	6	0	2	2.67656378e-05	1.63406128e-05	5.49396632e-06	2.72308546e-05	3.98966417e-06	0.0163966592	0	100	0	0	3
81	6	0	2.025	4.62537895e-06	1.5992038e-05	4.62537895e-06	2.72308546e-05	3.98966417e-06	0.0178334612	0	100	0	0	3
82	6	0	2.05	-3.53603191e-06	1.54256472e-05	-3.53603191e-06	2.72308546e-05	3.98966417e-06	0.0164487803	0	100	0	0	3
83	6	0	2.075	2.08742862e-06	1.52634312e-05	-3.53603191e-06	2.72308546e-05	3.98966417e-06	0.0178309348	0	100	0	0	3
84	6	0	2.1	7.81296043e-06	1.52731548e-05	-3.53603191e-06	2.72308546e-05	3.90000362e-06	0.016492859	0	100	0	0	3
85	6	0	2.125	-5.73281107e-06	1.43601759e-05	-5.73281107e-06	2.72308546e-05	3.90000362e-06	0.0175206927	0	100	0	0	3
86	6	0	2.15	3.65016433e-06	1.40876769e-05	-5.73281107e-06	2.72308546e-05	3.55637147e-06	0.0167888233	0	100	0	0	3
87	6	0	2.175	8.63706144e-06	1.36419065e-05	-5.73281107e-06	2.72308546e-05	3.08108693e-06	0.0178860217	0	100	0	0	3
88	6	0	2.2	1.04917178e-05	1.34191085e-05	-5.73281107e-06	2.72308546e-05	2.92150431e-06	0.0165318514	0	100	0	0	3
89	6	0	2.225	-3.00162367e-06	1.19794667e-05	-5.73281107e-06	2.67656378e-05	4.36114613e-06	0.0175226358	0	100	0	0	3
90	6	0	2.25	-3.08721717e-07	1.12083928e-05	-5.73281107e-06	2.67656378e-05	5.13222002e-06	0.016844666	0	100	0	0	3
91	6	0	2.275	7.19436379e-06	1.09191286e-05	-5.73281107e-06	2.67656378e-05	5.42148422e-06	0.0175004147	0	100	0	0	3
92	6	0	2.3	7.75166044e-06	1.04657704e-05	-5.73281107e-06	2.67656378e-05	5.87484241e-06	0.0167571431	0	100	0	0	3
93	6	0	2.325	1.14750065e-05	9.90435505e-06	-5.73281107e-06	2.67656378e-05	6.43625774e-06	0.017896068	0	100	0	0	3
94	7	0	2.35	9.1764961e-06	9.42046851e-06	-5.73281107e-06	2.67656378e-05	6.92014427e-06	0.0168949061	0	100	0	0	3
95	7	0	2.375	1.11339115e-05	9.07260853e-06	-5.73281107e-06	2.67656378e-05	7.26800425e-06	0.0179815276	0	100	0	0	3
96	7	0	2.4	1.06815061e-05	8.74348374e-06	-5.73281107e-06	2.67656378e-05	7.59712904e-06	0.0169365356	0	100	0	0	3
97	7	0	2.425	1.01350955e-05	8.36172268e-06	-5.73281107e-06	2.67656378e-05	7.9788901e-06	0.0180727901	0	100	0	0	3
98	7	0	2.45	1.21248765e-05	8.30673784e-06	-5.73281107e-06	2.67656378e-05	8.03387494e-06	0.017205081	0	100	0	0	3
99	7	0	2.475	9.09525094e-06	7.78968811e-06	-5.73281107e-06	2.67656378e-05	8.55092467e-06	0.0175471465	0	100	0	0	3
100	7	0	2.5	1.05617156e-05	7.18195448e-06	-5.73281107e-06	2.67656378e-05	9.1586583e-06	0.0170507696	0	100	0	0	3
101	7	0	2.525	1.04898548e-05	6.40691719e-06	-5.73281107e-06	1.21248765e-05	9.58512078e-06	0.0176216626	0	100	0	0	3
102	7	0	2.55	9.04101772e-06	6.61718571e-06	-5.73281107e-06	1.21248765e-05	9.01873005e-06	0.0173957069	0	100	0	0	3
103	7	0	2.575	1.08772844e-05	7.3035341e-06	-5.73281107e-06	1.21248765e-05	8.86623757e-06	0.0181668995	0	100	0	0	3
104	7	0	2.6	1.12354591e-05	7.7391546e-06	-5.73281107e-06	1.21248765e-05	8.86623757e-06	0.01745942	0	100	0	0	3
105	7	0	2.625	-3.52805673e-06	7.19910617e-06	-5.73281107e-06	1.21248765e-05	7.95325868e-06	0.0184110239	0	100	0	0	3
106	7	0	2.65	4.9902096e-06	7.7097262e-06	-3.52805673e-06	1.21248765e-05	7.68075975e-06	0.0180707975	0	100	0	0	3
107	7	0	2.675	-8.5073475e-07	7.49539767e-06	-3.52805673e-06	1.21248765e-05	7.23498933e-06	0.0188093421	0	100	0	0	3
108	7	0	2.7	5.7251238e-08	7.08683528e-06	-3.52805673e-06	1.21248765e-05	7.01219128e-06	0.0175248181	0	100	0	0	3
109	7	0	2.725	-2.4155088e-06	6.47220544e-06	-3.52805673e-06	1.21248765e-05	5.57254946e-06	0.0193427569	0	100	0	0	3
110	8	0	2.75	4.76415464e-06	6.84200441e-06	-3.52805673e-06	1.21248765e-05	4.80147557e-06	0.0173156961	0	100	0	0	3
111	8	0	2.775	2.89696569e-07	6.87050052e-06	-3.52805673e-06	1.21248765e-05	4.51221137e-06	0.0189832624	0	100	0	0	3
112	8	0	2.8	5.77697761e-06	6.80300594e-06	-3.52805673e-06	1.21248765e-05	4.05885318e-06	0.0176866425	0	100	0	0	3
113	8	0	2.825	-1.79829589e-06	6.34824612e-06	-3.52805673e-06	1.21248765e-05	3.55610893e-06	0.018381721	0	100	0	0	3
114	8	0	2.85	-3.81870546e-07	5.78363292e-06	-3.52805673e-06	1.21248765e-05	3.63683559e-06	0.0172158477	0	100	0	0	3
115	8	0	2.875	-1.121956e-06	5.29323044e-06	-3.52805673e-06	1.21248765e-05	3.7793781e-06	0.0181795301	0	100	0	0	3
116	8	0	2.9	7.2820845e-06	5.1098101e-06	-3.52805673e-06	1.21248765e-05	3.63367364e-06	0.0180263356	0	100	0	0	3
117	8	0	2.925	-1.72111758e-06	4.51920898e-06	-3.52805673e-06	1.21248765e-05	3.84251371e-06	0.0183799859	0	100	0	0	3
118	8	0	2.95	1.90290967e-06	4.12720012e-06	-3.52805673e-06	1.21248765e-05	4.17953771e-06	0.0173776778	0	100	0	0	3
119	8	0	2.975	-5.1265451e-06	3.30570386e-06	-5.1265451e-06	1.12354591e-05	4.48398425e-06	0.0185934038	0	100	0	0	3
120	8	0	3	-8.5252981e-07	2.83200001e-06	-5.1265451e-06	1.12354591e-05	4.90715459e-06	0.0183776863	0	100	0	0	3
121	8	0	3.025	-8.96904875e-06	1.90196361e-06	-8.96904875e-06	1.12354591e-05	5.83719099e-06	0.0186098835	0	100	0	0	3
122	8	0	3.05	3.16917567e-07	1.41753803e-06	-8.96904875e-06	1.12354591e-05	6.32161657e-06	0.0178432463	0	100	0	0	3
123	8	0	3.075	-2.75978641e-06	8.55594981e-07	-8.96904875e-06	1.12354591e-05	6.88355962e-06	0.0185068856	0	100	0	0	3
124	8	0	3.1	4.84437492e-06	5.68313574e-07	-8.96904875e-06	1.12354591e-05	7.17084103e-06	0.0180146035	0	100	0	0	3
125	8	0	3.125	1.20742379e-07	3.90413486e-08	-8.96904875e-06	7.2820845e-06	7.67068485e-06	0.0196858123	0	100	0	0	3
126	9	0	3.15	1.26776744e-06	2.67413928e-07	-8.96904875e-06	7.2820845e-06	7.67068485e-06	0.0178896998	0	100	0	0	3
127	9	0	3.175	6.8541327e-07	6.24236267e-08	-8.96904875e-06	7.2820845e-06	7.45635632e-06	0.0192796107	0	100	0	0	3
128	9	0	3.2	-1.19116459e-06	4.62126821e-08	-8.96904875e-06	7.2820845e-06	7.04779393e-06	0.0179832274	0	100	0	0	3
129	9	0	3.225	-9.61728057e-07	-2.31014149e-09	-8.96904875e-06	7.2820845e-06	6.87281066e-06	0.0187876527	0	100	0	0	3
130	9	0	3.25	-1.59250363e-06	3.6880581e-08	-8.96904875e-06	7.2820845e-06	6.87281066e-06	0.0180348453	0	100	0	0	3
131	9	0	3.275	3.06075996e-06	-4.42334518e-08	-8.96904875e-06	7.2820845e-06	6.91473397e-06	0.0190146841	0	100	0	0	3
132	9	0	3.3	-5.40267029e-06	-3.1529854e-07	-8.96904875e-06	7.2820845e-06	7.11830448e-06	0.0180852112	0	100	0	0	3
133	9	0	3.325	-4.95831982e-06	-8.2650318e-07	-8.96904875e-06	7.2820845e-06	7.1747493e-06	0.0187953796	0	100	0	0	3
134	9	0	3.35	2.85032163e-06	-6.05140441e-07	-8.96904875e-06	7.2820845e-06	6.6101361e-06	0.017890204	0	100	0	0	3
135	9	0	3.375	2.09495115e-07	-5.76980171e-07	-8.96904875e-06	7.2820845e-06	6.11973362e-06	0.0193760325	0	100	0	0	3
136	9	0	3.4	7.0165668e-06	-1.89431466e-07	-8.96904875e-06	7.2820845e-06	5.93631328e-06	0.0184067285	0	100	0	0	3
137	9	0	3.425	-2.89125798e-06	-6.73876346e-07	-8.96904875e-06	7.0165668e-06	5.34571216e-06	0.0182990841	0	100	0	0	3
138	9	0	3.45	1.09718412e-06	-5.39671503e-07	-8.96904875e-06	7.0165668e-06	4.9537033e-06	0.0183307959	0	100	0	0	3
139	9	0	3.475	-8.07467623e-07	-6.68737089e-07	-8.96904875e-06	7.0165668e-06	4.13220704e-06	0.0184841453	0	100	0	0	3
140	9	0	3.5	6.21513871e-06	-1.28656907e-07	-8.96904875e-06	7.0165668e-06	3.65850319e-06	0.0184806647	0	100	0	0	3
141	9	0	3.525	-3.45709437e-07	-1.04522604e-07	-8.96904875e-06	7.0165668e-06	2.72846679e-06	0.0186839905	0	100	0	0	3
142	9	0	3.55	-1.58378277e-07	3.15033133e-07	-5.40267029e-06	7.0165668e-06	2.24404121e-06	0.0183056149	0	100	0	0	3
143	10	0	3.575	-2.10779386e-06	1.99570684e-07	-5.40267029e-06	7.0165668e-06	1.68209816e-06	0.0188121166	0	100	0	0	3
144	10	0	3.6	4.98724861e-06	5.68477113e-07	-5.40267029e-06	7.0165668e-06	1.39498029e-06	0.0183579298	0	100	0	0	3
145	10	0	3.625	6.22028387e-07	3.67412992e-07	-5.40267029e-06	7.0165668e-06	1.39498029e-06	0.0186930665	0	100	0	0	3
146	10	0	3.65	2.55028687e-06	4.83105587e-07	-5.40267029e-06	7.0165668e-06	1.39498029e-06	0.0181862789	0	100	0	0	3
147	10	0	3.675	9.4050311e-07	4.67521572e-07	-5.40267029e-06	7.0165668e-06	1.39498029e-06	0.0184238585	0	100	0	0	3
148	10	0	3.7	4.17604698e-06	6.33742225e-07	-5.40267029e-06	7.0165668e-06	1.4602454e-06	0.0180979985	0	100	0	0	3
149	10	0	3.725	-1.23012747e-06	6.31886849e-07	-5.40267029e-06	7.0165668e-06	1.4602454e-06	0.0189492653	0	100	0	0	3
150	10	0	3.75	5.67837171e-07	7.04723289e-07	-5.40267029e-06	7.0165668e-06	1.53122647e-06	0.0181533044	0	100	0	0	3
151	10	0	3.775	-2.07930208e-06	6.8154241e-07	-5.40267029e-06	7.0165668e-06	1.53122647e-06	0.0190692754	0	100	0	0	3
152	10	0	3.8	3.94567661e-06	7.23681299e-07	-5.40267029e-06	7.0165668e-06	1.55018448e-06	0.017868911	0	100	0	0	3
153	10	0	3.825	-4.20244539e-07	9.60939668e-07	-4.95831982e-06	7.0165668e-06	1.78744285e-06	0.0184638795	0	100	0	0	3
154	10	0	3.85	1.82308541e-06	1.28386373e-06	-2.89125798e-06	7.0165668e-06	1.95774007e-06	0.0182072621	0	100	0	0	3
155	10	0	3.875	4.16265257e-06	1.34635568e-06	-2.89125798e-06	7.0165668e-06	2.02023202e-06	0.0189495555	0	100	0	0	3
156	10	0	3.9	3.62222965e-08	1.33810459e-06	-2.89125798e-06	7.0165668e-06	2.02023202e-06	0.0174929985	0	100	0	0	3
157	10	0	3.925	-7.21081975e-09	1.00363899e-06	-2.89125798e-06	6.21513871e-06	2.02023202e-06	0.0187814171	0	100	0	0	3
158	10	0	3.95	6.63643537e-06	1.45733867e-06	-2.10779386e-06	6.63643537e-06	2.12607576e-06	0.0179548134	0	100	0	0	3
159	10	0	3.975	1.33638267e-07	1.41145554e-06	-2.10779386e-06	6.63643537e-06	2.12607576e-06	0.0182547814	0	100	0	0	3
160	10	0	4	1.75568323e-06	1.53351034e-06	-2.10779386e-06	6.63643537e-06	1.66216725e-06	0.017613408	0	100	0	0	3
