Iteration	CPUTime	PhysTime	Travels	Value	AvValue	MinValue	MaxValue	Delta	Criteria	PrevAvRefValue	Progress	CriteriaType	CriteriaVarType	CriteriaPercentage
1	1	0	0.025	3023454.95	3023454.95	3023454.95	3023454.95	0	0	0	0	0	0	3
2	1	0	0.05	3023440.75	3023447.85	3023440.75	3023454.95	7.09644883	0	0	0	0	0	3
3	1	0	0.075	3023437.19	3023444.3	3023437.19	3023454.95	10.6506009	0	0	0	0	0	3
4	1	0	0.1	3023438.97	3023442.96	3023437.19	3023454.95	11.9817206	0	0	0	0	0	3
5	1	0	0.125	3023440.34	3023442.44	3023437.19	3023454.95	12.505907	0	0	0	0	0	3
6	1	0	0.15	3023440.59	3023442.13	3023437.19	3023454.95	12.8148702	0	0	0	0	0	3
7	1	0	0.175	3023441	3023441.97	3023437.19	3023454.95	12.975808	0	0	0	0	0	3
8	1	0	0.2	3023442.15	3023441.99	3023437.19	3023454.95	12.975808	0	0	0	0	0	3
9	1	0	0.225	3023442.8	3023442.08	3023437.19	3023454.95	12.975808	0	0	0	0	0	3
10	1	0	0.25	3023440.05	3023441.88	3023437.19	3023454.95	13.0669753	0	0	0	0	0	3
11	1	0	0.275	3023434.38	3023441.2	3023434.38	3023454.95	13.7484322	0	0	0	0	0	3
12	1	0	0.3	3023427.58	3023440.06	3023427.58	3023454.95	14.8828405	0	0	0	0	0	3
13	1	0	0.325	3023419.61	3023438.49	3023419.61	3023454.95	16.4562773	0	0	0	0	0	3
14	2	0	0.35	3023412.37	3023436.62	3023412.37	3023454.95	18.3216668	0	0	0	0	0	3
15	2	0	0.375	3023406.69	3023434.63	3023406.69	3023454.95	20.317448	0	0	0	0	0	3
16	2	0	0.4	3023401.96	3023432.59	3023401.96	3023454.95	22.3590446	0	0	0	0	0	3
17	2	0	0.425	3023395.46	3023430.4	3023395.46	3023454.95	24.5428708	0	0	0	0	0	3
18	2	0	0.45	3023386.91	3023427.99	3023386.91	3023454.95	26.9590817	0	0	0	0	0	3
19	2	0	0.475	3023378.45	3023425.38	3023378.45	3023454.95	29.566482	0	0	0	0	0	3
20	2	0	0.5	3023369.91	3023422.61	3023369.91	3023454.95	32.3398116	0	0	0	0	0	3
21	2	0	0.525	3023361.6	3023417.94	3023361.6	3023442.8	29.9104453	0	0	0	0	0	3
22	2	0	0.55	3023351.04	3023413.45	3023351.04	3023442.8	30.8417371	0	0	0	0	0	3
23	2	0	0.575	3023338.96	3023408.54	3023338.96	3023442.8	34.4219108	0	0	0	0	0	3
24	2	0	0.6	3023327.44	3023402.97	3023327.44	3023442.8	39.474347	0	0	0	0	0	3
25	2	0	0.625	3023316.47	3023396.77	3023316.47	3023442.8	45.3589733	0	0	0	0	0	3
26	2	0	0.65	3023305.74	3023390.03	3023305.74	3023442.8	52.0530569	0	0	0	0	0	3
27	2	0	0.675	3023292.18	3023382.59	3023292.18	3023442.8	59.494198	0	0	0	0	0	3
28	2	0	0.7	3023276.34	3023374.3	3023276.34	3023442.8	67.784816	0	0	0	0	0	3
29	2	0	0.725	3023260.18	3023365.17	3023260.18	3023440.05	76.7124293	0	0	0	0	0	3
30	3	0	0.75	3023245.53	3023355.44	3023245.53	3023434.38	85.7565933	0	0	0	0	0	3
31	3	0	0.775	3023232.2	3023345.33	3023232.2	3023427.58	94.7314596	0	0	0	0	0	3
32	3	0	0.8	3023213.76	3023334.64	3023213.76	3023419.61	103.849014	0	0	0	0	0	3
33	3	0	0.825	3023193.69	3023323.34	3023193.69	3023412.37	113.279639	0	0	0	0	0	3
34	3	0	0.85	3023173.35	3023311.39	3023173.35	3023406.69	123.235131	0	0	0	0	0	3
35	3	0	0.875	3023153.16	3023298.72	3023153.16	3023401.96	133.87014	0	0	0	0	0	3
36	3	0	0.9	3023136.33	3023285.44	3023136.33	3023395.46	144.967818	0	0	0	0	0	3
37	3	0	0.925	3023114.01	3023271.36	3023114.01	3023386.91	156.62437	0	0	0	0	0	3
38	3	0	0.95	3023089.24	3023256.48	3023089.24	3023378.45	168.900526	0	0	0	0	0	3
39	3	0	0.975	3023066.28	3023240.87	3023066.28	3023369.91	181.735682	0	0	0	0	0	3
40	3	0	1	3023043.72	3023224.56	3023043.72	3023361.6	193.378342	24.7064492	0	12.7	0	0	3
41	3	0	1.025	3023024.11	3023207.69	3023024.11	3023351.04	205.767482	25.920179	0	12.5	0	0	3
42	3	0	1.05	3023000.31	3023190.15	3023000.31	3023338.96	218.392807	26.65691	0	12.2	0	0	3
43	3	0	1.075	3022972.72	3023171.84	3022972.72	3023327.44	231.128313	27.4718999	0	11.8	0	0	3
44	3	0	1.1	3022947.77	3023161.17	3022947.77	3023327.44	241.798032	28.2654739	0	11.6	0	0	3
45	4	0	1.125	3022923.58	3023141.94	3022923.58	3023316.47	254.835848	29.0411832	0	11.3	0	0	3
46	4	0	1.15	3022903.57	3023122.27	3022903.57	3023305.74	267.755303	29.7647719	0	11.1	0	0	3
47	4	0	1.175	3022881.17	3023102.06	3022881.17	3023292.18	280.531602	30.4797303	0	10.8	0	0	3
48	4	0	1.2	3022862.87	3023081.61	3022862.87	3023276.34	292.684167	31.157525	0	10.6	0	0	3
49	4	0	1.225	3022845.54	3023061.1	3022845.54	3023260.18	304.066926	31.8039109	0	10.4	0	0	3
50	4	0	1.25	3022834.85	3023040.85	3022834.85	3023245.53	314.595025	32.3701829	0	10.2	0	0	3
51	4	0	1.275	3022822.7	3023020.71	3022822.7	3023232.2	324.620844	32.8700105	0	10.1	0	0	3
52	4	0	1.3	3022807.94	3023000.51	3022807.94	3023213.76	334.132469	33.3275765	0	9.9	0	0	3
53	4	0	1.325	3022793.86	3022980.51	3022793.86	3023193.69	342.831943	33.7438293	0	9.8	0	0	3
54	4	0	1.35	3022785.85	3022961.09	3022785.85	3023173.35	350.301513	34.104044	0	9.7	0	0	3
55	4	0	1.375	3022783.37	3022942.52	3022783.37	3023153.16	356.195135	34.4029808	0	9.6	0	0	3
56	4	0	1.4	3022784.96	3022924.99	3022783.37	3023136.33	352.958872	34.6462699	0	9.8	0	0	3
57	4	0	1.425	3022780.83	3022908.06	3022780.83	3023114.01	333.18026	34.8465396	0	10.4	0	0	3
58	4	0	1.45	3022756.17	3022891.02	3022756.17	3023089.24	333.065901	35.0799357	0	10.5	0	0	3
59	4	0	1.475	3022724.17	3022873.64	3022724.17	3023066.28	342.104322	35.3654546	0	10.3	0	0	3
60	4	0	1.5	3022704.38	3022856.4	3022704.38	3023043.72	339.33447	35.6572614	0	10.5	0	0	3
61	5	0	1.525	3022690.64	3022839.59	3022690.64	3023024.11	333.476575	35.937311	0	10.7	0	0	3
62	5	0	1.55	3022684.07	3022823.4	3022684.07	3023000.31	316.244133	36.1806687	0	11.4	0	0	3
63	5	0	1.575	3022676.59	3022807.98	3022676.59	3022972.72	296.130885	36.3904751	0	12.2	0	0	3
64	5	0	1.6	3022674.86	3022793.8	3022674.86	3022947.77	272.910047	36.557523	0	13.3	0	0	3
65	5	0	1.625	3022677.57	3022780.93	3022674.86	3022923.58	248.715687	36.6840495	0	14.7	0	0	3
66	5	0	1.65	3022684.8	3022769.56	3022674.86	3022903.57	228.707041	36.7752813	0	16	0	0	3
67	5	0	1.675	3022675.74	3022758.71	3022674.86	3022881.17	206.306624	36.8286765	0	17.8	0	0	3
68	5	0	1.7	3022657.21	3022748.05	3022657.21	3022862.87	205.663821	36.8822591	0	17.9	0	0	3
69	5	0	1.725	3022629.51	3022736.93	3022629.51	3022845.54	216.029377	36.9567654	0	17.1	0	0	3
70	5	0	1.75	3022610.07	3022725.72	3022610.07	3022834.85	224.773544	37.0362078	0	16.4	0	0	3
71	5	0	1.775	3022593.14	3022714.21	3022593.14	3022822.7	229.556056	37.1177089	0	16.1	0	0	3
72	5	0	1.8	3022587.23	3022703	3022587.23	3022807.94	220.716172	37.1698975	0	16.8	0	0	3
73	5	0	1.825	3022582.16	3022692.25	3022582.16	3022793.86	211.702518	37.1907693	0	17.5	0	0	3
74	5	0	1.85	3022585.27	3022682.31	3022582.16	3022785.85	203.693416	37.173379	0	18.2	0	0	3
75	5	0	1.875	3022588.2	3022672.9	3022582.16	3022784.96	202.804396	37.1212645	0	18.3	0	0	3
76	5	0	1.9	3022593.95	3022663.88	3022582.16	3022784.96	202.804396	37.043116	0	18.2	0	0	3
77	6	0	1.925	3022595.22	3022654.85	3022582.16	3022780.83	198.669334	36.9318357	0	18.5	0	0	3
78	6	0	1.95	3022597.17	3022646.1	3022582.16	3022756.17	174.017223	36.7860638	0	21.1	0	0	3
79	6	0	1.975	3022592.8	3022638.32	3022582.16	3022724.17	142.015232	36.6113153	0	25.7	0	0	3
80	6	0	2	3022590.61	3022631.96	3022582.16	3022704.38	122.226527	36.4103904	0	29.7	0	0	3
81	6	0	2.025	3022587.07	3022626.38	3022582.16	3022690.64	108.479043	36.1896635	0	33.3	0	0	3
82	6	0	2.05	3022585.1	3022621.35	3022582.16	3022684.8	102.64548	35.944365	0	35	0	0	3
83	6	0	2.075	3022580.04	3022616.4	3022580.04	3022684.8	104.764413	35.6737999	0	34	0	0	3
84	6	0	2.1	3022578.91	3022611.74	3022578.91	3022684.8	105.896487	35.382028	0	33.4	0	0	3
85	6	0	2.125	3022578.79	3022607.17	3022578.79	3022684.8	106.012097	35.0700978	0	33	0	0	3
86	6	0	2.15	3022579.41	3022602.5	3022578.79	3022684.8	106.012097	34.7448016	0	32.7	0	0	3
87	6	0	2.175	3022578.42	3022597.43	3022578.42	3022675.74	97.3230532	34.4043304	0	35.3	0	0	3
88	6	0	2.2	3022581.87	3022592.96	3022578.42	3022657.21	78.7913297	34.0544495	0	43.2	0	0	3
89	6	0	2.225	3022582.95	3022589.42	3022578.42	3022629.51	51.0950423	33.6969534	0	65.9	0	0	3
90	6	0	2.25	3022585.4	3022587.32	3022578.42	3022610.07	31.6540808	33.3405127	0	100	0	0	3
91	6	0	2.275	3022584.47	3022586.1	3022578.42	3022597.17	18.7482275	32.9833004	0	100	0	0	3
92	6	0	2.3	3022585.99	3022585.76	3022578.42	3022597.17	18.7482275	32.622262	0	100	0	0	3
93	6	0	2.325	3022585.1	3022585.66	3022578.42	3022597.17	18.7482275	32.2583976	0	100	0	0	3
94	7	0	2.35	3022584.74	3022585.78	3022578.42	3022597.17	18.7482275	31.8988276	0	100	0	0	3
95	7	0	2.375	3022583.37	3022585.69	3022578.42	3022597.17	18.7482275	31.5513323	0	100	0	0	3
96	7	0	2.4	3022583.33	3022585.46	3022578.42	3022597.17	18.7482275	31.2162475	0	100	0	0	3
97	7	0	2.425	3022583.81	3022584.98	3022578.42	3022597.17	18.7482275	30.888429	0	100	0	0	3
98	7	0	2.45	3022584.98	3022584.49	3022578.42	3022597.17	18.7482275	30.5456014	0	100	0	0	3
99	7	0	2.475	3022585.39	3022583.93	3022578.42	3022592.8	14.3773706	30.1808157	0	100	0	0	3
100	7	0	2.5	3022589.86	3022583.79	3022578.42	3022590.61	12.1914548	29.8077716	0	100	0	0	3
101	7	0	2.525	3022591.54	3022583.83	3022578.42	3022591.54	13.1242628	29.4330063	0	100	0	0	3
102	7	0	2.55	3022595.7	3022584.25	3022578.42	3022595.7	17.2754052	29.0645054	0	100	0	0	3
103	7	0	2.575	3022596.62	3022584.79	3022578.42	3022596.62	18.200181	28.7077028	0	100	0	0	3
104	7	0	2.6	3022599.15	3022585.7	3022578.42	3022599.15	20.7279839	28.3620504	0	100	0	0	3
105	7	0	2.625	3022600.18	3022586.72	3022578.42	3022600.18	21.7640055	28.0270334	0	100	0	0	3
106	7	0	2.65	3022600.08	3022587.73	3022578.42	3022600.18	18.7054257	27.7021684	0	100	0	0	3
107	7	0	2.675	3022597.85	3022588.61	3022578.42	3022600.18	13.6395784	27.3786297	0	100	0	0	3
108	7	0	2.7	3022597.51	3022589.52	3022581.87	3022600.18	9.16949999	27.0477354	0	100	0	0	3
109	7	0	2.725	3022595.38	3022590.16	3022582.95	3022600.18	6.3710818	26.7015826	0	100	0	0	3
110	8	0	2.75	3022595.67	3022590.77	3022583.33	3022600.18	6.97687848	26.3481263	0	100	0	0	3
111	8	0	2.775	3022594.96	3022591.22	3022583.33	3022600.18	7.43192315	25.9960029	0	100	0	0	3
112	8	0	2.8	3022596.9	3022591.81	3022583.33	3022600.18	8.02419259	25.6536607	0	100	0	0	3
113	8	0	2.825	3022599.28	3022592.45	3022583.33	3022600.18	8.65721698	25.3206978	0	100	0	0	3
114	8	0	2.85	3022605.87	3022593.44	3022583.33	3022605.87	9.64613119	25.0014911	0	100	0	0	3
115	8	0	2.875	3022611.66	3022594.72	3022583.33	3022611.66	10.9282603	24.7064492	0	100	0	0	3
116	8	0	2.9	3022617.92	3022596.36	3022583.33	3022617.92	12.5736133	24.7064492	0	100	0	0	3
117	8	0	2.925	3022621.94	3022598.2	3022583.81	3022621.94	14.4123596	24.7064492	0	100	0	0	3
118	8	0	2.95	3022626.63	3022600.24	3022584.98	3022626.63	16.4514639	24.7064492	0	100	0	0	3
119	8	0	2.975	3022626.81	3022602.23	3022585.39	3022626.81	18.4433712	24.7064492	0	100	0	0	3
120	8	0	3	3022624.7	3022604.11	3022589.86	3022626.81	20.3151517	24.7064492	0	100	0	0	3
121	8	0	3.025	3022618.63	3022605.48	3022591.54	3022626.81	21.6407636	24.7064492	0	100	0	0	3
122	8	0	3.05	3022614.07	3022606.55	3022594.96	3022626.81	22.3025386	24.7064492	0	100	0	0	3
123	8	0	3.075	3022607.12	3022607.09	3022594.96	3022626.81	22.2981539	24.7064492	0	100	0	0	3
124	8	0	3.1	3022603.28	3022607.41	3022594.96	3022626.81	21.7055074	24.7064492	0	100	0	0	3
125	8	0	3.125	3022597.87	3022607.35	3022594.96	3022626.81	20.6922835	24.7064492	0	100	0	0	3
126	9	0	3.15	3022597.79	3022607.23	3022594.96	3022626.81	19.6785847	24.7064492	0	100	0	0	3
127	9	0	3.175	3022597.05	3022607.09	3022594.96	3022626.81	18.800278	24.7064492	0	100	0	0	3
128	9	0	3.2	3022599.38	3022607.16	3022594.96	3022626.81	17.8910205	24.7064492	0	100	0	0	3
129	9	0	3.225	3022603.61	3022607.45	3022594.96	3022626.81	17.2910273	24.7064492	0	100	0	0	3
130	9	0	3.25	3022616.58	3022608.46	3022594.96	3022626.81	17.6950388	24.7064492	0	100	0	0	3
131	9	0	3.275	3022624.05	3022609.81	3022594.96	3022626.81	18.5913188	24.7064492	0	100	0	0	3
132	9	0	3.3	3022633.61	3022611.65	3022596.9	3022633.61	19.8395492	24.7064492	0	100	0	0	3
133	9	0	3.325	3022639.9	3022613.7	3022597.05	3022639.9	21.2538306	24.7064492	0	100	0	0	3
134	9	0	3.35	3022648.35	3022616.04	3022597.05	3022648.35	22.6016026	24.7064492	0	100	0	0	3
135	9	0	3.375	3022648.08	3022618.05	3022597.05	3022648.35	23.3296173	24.7064492	0	100	0	0	3
136	9	0	3.4	3022644.5	3022619.61	3022597.05	3022648.35	23.248003	24.7064492	0	100	0	0	3
137	9	0	3.425	3022635.56	3022620.45	3022597.05	3022648.35	22.2491564	24.7064492	0	100	0	0	3
138	9	0	3.45	3022622.07	3022620.46	3022597.05	3022648.35	20.2159499	24.7064492	0	100	0	0	3
139	9	0	3.475	3022611.21	3022619.72	3022597.05	3022648.35	18.2240426	24.7064492	0	100	0	0	3
140	9	0	3.5	3022598.52	3022618.38	3022597.05	3022648.35	16.3522621	24.7064492	0	100	0	0	3
141	9	0	3.525	3022591.6	3022616.8	3022591.6	3022648.35	14.9822308	24.7064492	0	100	0	0	3
142	9	0	3.55	3022589.91	3022615.43	3022589.91	3022648.35	13.9097584	24.7064492	0	100	0	0	3
143	10	0	3.575	3022588.38	3022614.21	3022588.38	3022648.35	13.3679319	24.7064492	0	100	0	0	3
144	10	0	3.6	3022591.33	3022613.46	3022588.38	3022648.35	13.3679319	24.7064492	0	100	0	0	3
145	10	0	3.625	3022593.6	3022613	3022588.38	3022648.35	13.3679319	24.7064492	0	100	0	0	3
146	10	0	3.65	3022598.64	3022613.03	3022588.38	3022648.35	13.3679319	24.7064492	0	100	0	0	3
147	10	0	3.675	3022602.6	3022613.26	3022588.38	3022648.35	13.3679319	24.7064492	0	100	0	0	3
148	10	0	3.7	3022612.46	3022614	3022588.38	3022648.35	13.2954866	24.7064492	0	100	0	0	3
149	10	0	3.725	3022625.69	3022615.25	3022588.38	3022648.35	13.0053047	24.7064492	0	100	0	0	3
150	10	0	3.75	3022641.83	3022617.07	3022588.38	3022648.35	11.9954965	24.7064492	0	100	0	0	3
151	10	0	3.775	3022650.83	3022618.7	3022588.38	3022650.83	10.6441719	24.7064492	0	100	0	0	3
152	10	0	3.8	3022656.13	3022620.23	3022588.38	3022656.13	8.80367203	24.7064492	0	100	0	0	3
153	10	0	3.825	3022653.1	3022621.16	3022588.38	3022656.13	8.15979936	24.7064492	0	100	0	0	3
154	10	0	3.85	3022647.44	3022621.52	3022588.38	3022656.13	8.51903583	24.7064492	0	100	0	0	3
155	10	0	3.875	3022632.96	3022620.78	3022588.38	3022656.13	8.51903583	24.7064492	0	100	0	0	3
156	10	0	3.9	3022618.32	3022619.37	3022588.38	3022656.13	8.51903583	24.7064492	0	100	0	0	3
157	10	0	3.925	3022606.61	3022617.56	3022588.38	3022656.13	8.51903583	24.7064492	0	100	0	0	3
158	10	0	3.95	3022597.29	3022615.74	3022588.38	3022656.13	8.51903583	24.7064492	0	100	0	0	3
159	10	0	3.975	3022588.99	3022614.16	3022588.38	3022656.13	8.51903583	24.7064492	0	100	0	0	3
160	10	0	4	3022585.92	3022612.96	3022585.92	3022656.13	8.55650296	24.7064492	0	100	0	0	3
