Iteration	CPUTime	PhysTime	Travels	Value	AvValue	MinValue	MaxValue	Delta	Criteria	PrevAvRefValue	Progress	CriteriaType	CriteriaVarType	CriteriaPercentage
1	1	0	0.025	293.2	293.2	293.2	293.2	0	0	0	0	0	0	3
2	1	0	0.05	293.2	293.2	293.2	293.2	1.18517789e-07	0	0	0	0	0	3
3	1	0	0.075	293.200001	293.2	293.2	293.200001	2.36516371e-07	0	0	0	0	0	3
4	1	0	0.1	293.200001	293.200001	293.2	293.200001	3.54548376e-07	0	0	0	0	0	3
5	1	0	0.125	293.200001	293.200001	293.2	293.200001	4.77414744e-07	0	0	0	0	0	3
6	1	0	0.15	293.200002	293.200001	293.2	293.200002	6.68323253e-07	0	0	0	0	0	3
7	1	0	0.175	293.200004	293.200001	293.2	293.200004	1.12472168e-06	0	0	0	0	0	3
8	1	0	0.2	293.200009	293.200002	293.2	293.200009	2.08780841e-06	0	0	0	0	0	3
9	1	0	0.225	293.200014	293.200004	293.2	293.200014	3.35023606e-06	0	0	0	0	0	3
10	1	0	0.25	293.200017	293.200005	293.2	293.200017	4.698758e-06	0	0	0	0	0	3
11	1	0	0.275	293.200019	293.200006	293.2	293.200019	6.02060237e-06	0	0	0	0	0	3
12	1	0	0.3	293.200024	293.200008	293.2	293.200024	7.51461272e-06	0	0	0	0	0	3
13	1	0	0.325	293.200029	293.200009	293.2	293.200029	9.11639222e-06	0	0	0	0	0	3
14	2	0	0.35	293.200032	293.200011	293.2	293.200032	1.07604723e-05	0	0	0	0	0	3
15	2	0	0.375	293.200036	293.200013	293.2	293.200036	1.23937292e-05	0	0	0	0	0	3
16	2	0	0.4	293.200038	293.200014	293.2	293.200038	1.4001256e-05	0	0	0	0	0	3
17	2	0	0.425	293.200041	293.200016	293.2	293.200041	1.55951067e-05	0	0	0	0	0	3
18	2	0	0.45	293.200045	293.200017	293.2	293.200045	1.71909689e-05	0	0	0	0	0	3
19	2	0	0.475	293.200048	293.200019	293.2	293.200048	1.87791252e-05	0	0	0	0	0	3
20	2	0	0.5	293.200051	293.200021	293.2	293.200051	2.0355492e-05	0	0	0	0	0	3
21	2	0	0.525	293.200054	293.200023	293.2	293.200054	2.29017879e-05	0	0	0	0	0	3
22	2	0	0.55	293.200057	293.200026	293.200001	293.200057	2.56074623e-05	0	0	0	0	0	3
23	2	0	0.575	293.200061	293.200029	293.200001	293.200061	2.84868077e-05	0	0	0	0	0	3
24	2	0	0.6	293.200064	293.200032	293.200001	293.200064	3.15275043e-05	0	0	0	0	0	3
25	2	0	0.625	293.200068	293.200036	293.200002	293.200068	3.46583107e-05	0	0	0	0	0	3
26	2	0	0.65	293.200071	293.200039	293.200004	293.200071	3.76776637e-05	0	0	0	0	0	3
27	2	0	0.675	293.200076	293.200043	293.200009	293.200076	4.02979561e-05	0	0	0	0	0	3
28	2	0	0.7	293.200081	293.200046	293.200014	293.200081	4.26181821e-05	0	0	0	0	0	3
29	2	0	0.725	293.200086	293.20005	293.200017	293.200086	4.48751147e-05	0	0	0	0	0	3
30	3	0	0.75	293.200091	293.200053	293.200019	293.200091	4.72292004e-05	0	0	0	0	0	3
31	3	0	0.775	293.200096	293.200057	293.200024	293.200096	4.95581735e-05	0	0	0	0	0	3
32	3	0	0.8	293.200103	293.200061	293.200029	293.200103	5.18736959e-05	0	0	0	0	0	3
33	3	0	0.825	293.20011	293.200065	293.200032	293.20011	5.42824745e-05	0	0	0	0	0	3
34	3	0	0.85	293.200117	293.20007	293.200036	293.200117	5.68769969e-05	0	0	0	0	0	3
35	3	0	0.875	293.200124	293.200074	293.200038	293.200124	5.97100096e-05	0	0	0	0	0	3
36	3	0	0.9	293.200133	293.200079	293.200041	293.200133	6.28278689e-05	0	0	0	0	0	3
37	3	0	0.925	293.200142	293.200084	293.200045	293.200142	6.6281364e-05	0	0	0	0	0	3
38	3	0	0.95	293.200153	293.200089	293.200048	293.200153	7.01069421e-05	0	0	0	0	0	3
39	3	0	0.975	293.200163	293.200095	293.200051	293.200163	7.43085234e-05	0	0	0	0	0	3
40	3	0	1	293.200174	293.200101	293.200054	293.200174	7.77974922e-05	1.07044872e-05	0	13.7	0	0	3
41	3	0	1.025	293.200187	293.200108	293.200057	293.200187	8.16221217e-05	1.15018756e-05	0	14	0	0	3
42	3	0	1.05	293.200201	293.200115	293.200061	293.200201	8.5808162e-05	1.19388385e-05	0	13.9	0	0	3
43	3	0	1.075	293.200216	293.200123	293.200064	293.200216	9.04045122e-05	1.23941018e-05	0	13.7	0	0	3
44	3	0	1.1	293.200231	293.200128	293.200064	293.200231	9.5554777e-05	1.28490354e-05	0	13.4	0	0	3
45	4	0	1.125	293.200246	293.200136	293.200068	293.200246	0.000100881937	1.33001332e-05	0	13.1	0	0	3
46	4	0	1.15	293.20026	293.200146	293.200071	293.20026	0.000106575921	1.37490457e-05	0	12.9	0	0	3
47	4	0	1.175	293.200275	293.200155	293.200076	293.200275	0.000112703642	1.41834589e-05	0	12.5	0	0	3
48	4	0	1.2	293.20029	293.200166	293.200081	293.20029	0.000119309864	1.45824732e-05	0	12.2	0	0	3
49	4	0	1.225	293.200304	293.200176	293.200086	293.200304	0.000126342913	1.49600479e-05	0	11.8	0	0	3
50	4	0	1.25	293.200317	293.200187	293.200091	293.200317	0.000133688251	1.53223351e-05	0	11.4	0	0	3
51	4	0	1.275	293.200331	293.200199	293.200096	293.200331	0.000141306973	1.56819031e-05	0	11	0	0	3
52	4	0	1.3	293.200345	293.20021	293.200103	293.200345	0.000149263745	1.60316614e-05	0	10.7	0	0	3
53	4	0	1.325	293.20036	293.200223	293.20011	293.20036	0.000157455636	1.63751904e-05	0	10.3	0	0	3
54	4	0	1.35	293.200373	293.200235	293.200117	293.200373	0.000165760928	1.671103e-05	0	10	0	0	3
55	4	0	1.375	293.200385	293.200248	293.200124	293.200385	0.000174081124	1.70390265e-05	0	9.7	0	0	3
56	4	0	1.4	293.200396	293.200261	293.200133	293.200396	0.000182320167	1.73589762e-05	0	9.5	0	0	3
57	4	0	1.425	293.200409	293.200274	293.200142	293.200409	0.000190435466	1.76769278e-05	0	9.2	0	0	3
58	4	0	1.45	293.200427	293.200288	293.200153	293.200427	0.000198558513	1.80088242e-05	0	9	0	0	3
59	4	0	1.475	293.200446	293.200302	293.200163	293.200446	0.000206734173	1.83586324e-05	0	8.8	0	0	3
60	4	0	1.5	293.200463	293.200316	293.200174	293.200463	0.000214835996	1.87159627e-05	0	8.7	0	0	3
61	5	0	1.525	293.200478	293.20033	293.200187	293.200478	0.000222678659	1.90758461e-05	0	8.5	0	0	3
62	5	0	1.55	293.200492	293.200345	293.200201	293.200492	0.000230033053	1.94324185e-05	0	8.4	0	0	3
63	5	0	1.575	293.200506	293.200359	293.200216	293.200506	0.000236810749	1.97859851e-05	0	8.3	0	0	3
64	5	0	1.6	293.200519	293.200374	293.200231	293.200519	0.000246085446	2.01341133e-05	0	8.1	0	0	3
65	5	0	1.625	293.200531	293.200388	293.200246	293.200531	0.000251715502	2.04753328e-05	0	8.1	0	0	3
66	5	0	1.65	293.200542	293.200402	293.20026	293.200542	0.000256627332	2.08073578e-05	0	8.1	0	0	3
67	5	0	1.675	293.200556	293.200416	293.200275	293.200556	0.000261008315	2.11381516e-05	0	8	0	0	3
68	5	0	1.7	293.200573	293.200431	293.20029	293.200573	0.000264989948	2.14714036e-05	0	8.1	0	0	3
69	5	0	1.725	293.200592	293.200445	293.200304	293.200592	0.000268731047	2.18110061e-05	0	8.1	0	0	3
70	5	0	1.75	293.200609	293.200459	293.200317	293.200609	0.000272213807	2.21531682e-05	0	8.1	0	0	3
71	5	0	1.775	293.200625	293.200474	293.200331	293.200625	0.00027543441	2.24954096e-05	0	8.1	0	0	3
72	5	0	1.8	293.200639	293.200489	293.200345	293.200639	0.000278239713	2.28305518e-05	0	8.2	0	0	3
73	5	0	1.825	293.200653	293.200503	293.20036	293.200653	0.000280643033	2.31578892e-05	0	8.2	0	0	3
74	5	0	1.85	293.200665	293.200518	293.200373	293.200665	0.000282640618	2.34743843e-05	0	8.3	0	0	3
75	5	0	1.875	293.200677	293.200532	293.200385	293.200677	0.000284351646	2.37808194e-05	0	8.3	0	0	3
76	5	0	1.9	293.200688	293.200547	293.200396	293.200688	0.000285833475	2.40753446e-05	0	8.4	0	0	3
77	6	0	1.925	293.2007	293.200561	293.200409	293.2007	0.000287140439	2.43580584e-05	0	8.4	0	0	3
78	6	0	1.95	293.200712	293.200576	293.200427	293.200712	0.000285594633	2.46283354e-05	0	8.6	0	0	3
79	6	0	1.975	293.200726	293.20059	293.200446	293.200726	0.000279723926	2.48896167e-05	0	8.8	0	0	3
80	6	0	2	293.200738	293.200604	293.200463	293.200738	0.000275898538	2.51415312e-05	0	9.1	0	0	3
81	6	0	2.025	293.200752	293.200618	293.200478	293.200752	0.000273579342	2.53814598e-05	0	9.2	0	0	3
82	6	0	2.05	293.200764	293.200631	293.200492	293.200764	0.000272422965	2.56078864e-05	0	9.4	0	0	3
83	6	0	2.075	293.200778	293.200645	293.200506	293.200778	0.000271637317	2.58210276e-05	0	9.5	0	0	3
84	6	0	2.1	293.20079	293.200658	293.200519	293.20079	0.000271187754	2.60209316e-05	0	9.5	0	0	3
85	6	0	2.125	293.200802	293.200672	293.200531	293.200802	0.00027136403	2.62078445e-05	0	9.6	0	0	3
86	6	0	2.15	293.200814	293.200685	293.200542	293.200814	0.000272376162	2.63833299e-05	0	9.6	0	0	3
87	6	0	2.175	293.200826	293.200699	293.200556	293.200826	0.000269977084	2.65475014e-05	0	9.8	0	0	3
88	6	0	2.2	293.200837	293.200712	293.200573	293.200837	0.000264339647	2.67005591e-05	0	10.1	0	0	3
89	6	0	2.225	293.200849	293.200725	293.200592	293.200849	0.000257033168	2.68437266e-05	0	10.4	0	0	3
90	6	0	2.25	293.20086	293.200738	293.200609	293.20086	0.000251239026	2.6978813e-05	0	10.7	0	0	3
91	6	0	2.275	293.200872	293.200751	293.200625	293.200872	0.000246688648	2.71064938e-05	0	10.9	0	0	3
92	6	0	2.3	293.200883	293.200763	293.200639	293.200883	0.000243980154	2.72255137e-05	0	11.1	0	0	3
93	6	0	2.325	293.200895	293.200775	293.200653	293.200895	0.000241893739	2.73368888e-05	0	11.3	0	0	3
94	7	0	2.35	293.200906	293.200787	293.200665	293.200906	0.000241542135	2.74423137e-05	0	11.3	0	0	3
95	7	0	2.375	293.200918	293.200799	293.200677	293.200918	0.000241247041	2.75433963e-05	0	11.4	0	0	3
96	7	0	2.4	293.200929	293.200811	293.200688	293.200929	0.000241295327	2.76407904e-05	0	11.4	0	0	3
97	7	0	2.425	293.20094	293.200823	293.2007	293.20094	0.000240090478	2.77328298e-05	0	11.5	0	0	3
98	7	0	2.45	293.200951	293.200835	293.200712	293.200951	0.000238986864	2.7814605e-05	0	11.6	0	0	3
99	7	0	2.475	293.200962	293.200847	293.200726	293.200962	0.000236422176	2.7884757e-05	0	11.7	0	0	3
100	7	0	2.5	293.200972	293.200859	293.200738	293.200972	0.000233496115	2.79456044e-05	0	11.9	0	0	3
101	7	0	2.525	293.200982	293.200871	293.200752	293.200982	0.000230792748	2.79993596e-05	0	12.1	0	0	3
102	7	0	2.55	293.200992	293.200882	293.200764	293.200992	0.000227881269	2.80473188e-05	0	12.3	0	0	3
103	7	0	2.575	293.201002	293.200893	293.200778	293.201002	0.000224905266	2.80900591e-05	0	12.4	0	0	3
104	7	0	2.6	293.201012	293.200905	293.20079	293.201012	0.000222436294	2.81286407e-05	0	12.6	0	0	3
105	7	0	2.625	293.201022	293.200916	293.200802	293.201022	0.000220449746	2.81643109e-05	0	12.7	0	0	3
106	7	0	2.65	293.201033	293.200927	293.200814	293.201033	0.000218835536	2.81983355e-05	0	12.8	0	0	3
107	7	0	2.675	293.201043	293.200938	293.200826	293.201043	0.000217210194	2.82276259e-05	0	12.9	0	0	3
108	7	0	2.7	293.201053	293.200948	293.200837	293.201053	0.000216229878	2.82500299e-05	0	13	0	0	3
109	7	0	2.725	293.201064	293.200959	293.200849	293.201064	0.000214950927	2.82640815e-05	0	13.1	0	0	3
110	8	0	2.75	293.201073	293.20097	293.20086	293.201073	0.000213401799	2.82712373e-05	0	13.2	0	0	3
111	8	0	2.775	293.201083	293.20098	293.200872	293.201083	0.000211163574	2.82722722e-05	0	13.3	0	0	3
112	8	0	2.8	293.201092	293.200991	293.200883	293.201092	0.000208904499	2.8269007e-05	0	13.5	0	0	3
113	8	0	2.825	293.201101	293.201001	293.200895	293.201101	0.0002058582	2.82614785e-05	0	13.7	0	0	3
114	8	0	2.85	293.201108	293.201011	293.200906	293.201108	0.000201856468	2.82505116e-05	0	13.9	0	0	3
115	8	0	2.875	293.201116	293.201021	293.200918	293.201116	0.000197749199	2.82362031e-05	0	14.2	0	0	3
116	8	0	2.9	293.201123	293.201031	293.200929	293.201123	0.000193773241	2.82190718e-05	0	14.5	0	0	3
117	8	0	2.925	293.201131	293.201041	293.20094	293.201131	0.000190362565	2.81986746e-05	0	14.8	0	0	3
118	8	0	2.95	293.201138	293.20105	293.200951	293.201138	0.00018674455	2.81750529e-05	0	15	0	0	3
119	8	0	2.975	293.201146	293.20106	293.200962	293.201146	0.000183975731	2.81478496e-05	0	15.2	0	0	3
120	8	0	3	293.201154	293.201069	293.200972	293.201154	0.000182511167	2.81179287e-05	0	15.4	0	0	3
121	8	0	3.025	293.201164	293.201078	293.200982	293.201164	0.000181216263	2.80856908e-05	0	15.4	0	0	3
122	8	0	3.05	293.201172	293.201087	293.200992	293.201172	0.000180068486	2.80511745e-05	0	15.5	0	0	3
123	8	0	3.075	293.201181	293.201096	293.201002	293.201181	0.00017873926	2.80142787e-05	0	15.6	0	0	3
124	8	0	3.1	293.201189	293.201105	293.201012	293.201189	0.00017693797	2.79751142e-05	0	15.8	0	0	3
125	8	0	3.125	293.201198	293.201114	293.201022	293.201198	0.000175193898	2.79341541e-05	0	15.9	0	0	3
126	9	0	3.15	293.201205	293.201122	293.201033	293.201205	0.000171963358	2.7890659e-05	0	16.2	0	0	3
127	9	0	3.175	293.201212	293.201131	293.201043	293.201212	0.000168472603	2.78445233e-05	0	16.5	0	0	3
128	9	0	3.2	293.201218	293.201139	293.201053	293.201218	0.000164595391	2.77960189e-05	0	16.8	0	0	3
129	9	0	3.225	293.201224	293.201147	293.201064	293.201224	0.000159997355	2.77445164e-05	0	17.3	0	0	3
130	9	0	3.25	293.201227	293.201155	293.201073	293.201227	0.000153869981	2.7688878e-05	0	17.9	0	0	3
131	9	0	3.275	293.201232	293.201163	293.201083	293.201232	0.000148841439	2.76295188e-05	0	18.5	0	0	3
132	9	0	3.3	293.201236	293.20117	293.201092	293.201236	0.000143948694	2.75666374e-05	0	19.1	0	0	3
133	9	0	3.325	293.201241	293.201177	293.201101	293.201241	0.000139963996	2.7500428e-05	0	19.6	0	0	3
134	9	0	3.35	293.201245	293.201184	293.201108	293.201245	0.000136500359	2.74307106e-05	0	20	0	0	3
135	9	0	3.375	293.201251	293.201191	293.201116	293.201251	0.000134953538	2.73587764e-05	0	20.2	0	0	3
136	9	0	3.4	293.201257	293.201197	293.201123	293.201257	0.000134282904	2.72853444e-05	0	20.3	0	0	3
137	9	0	3.425	293.201265	293.201204	293.201131	293.201265	0.000134410712	2.72113312e-05	0	20.2	0	0	3
138	9	0	3.45	293.201274	293.201211	293.201138	293.201274	0.000135782365	2.71374094e-05	0	19.9	0	0	3
139	9	0	3.475	293.201282	293.201218	293.201146	293.201282	0.000135625518	2.70631515e-05	0	19.9	0	0	3
140	9	0	3.5	293.20129	293.201225	293.201154	293.20129	0.000135452778	2.69893651e-05	0	19.9	0	0	3
141	9	0	3.525	293.201297	293.201231	293.201164	293.201297	0.000133285846	2.69149179e-05	0	20.1	0	0	3
142	9	0	3.55	293.201302	293.201238	293.201172	293.201302	0.000130273024	2.68394052e-05	0	20.6	0	0	3
143	10	0	3.575	293.201308	293.201244	293.201181	293.201308	0.000126741618	2.67624372e-05	0	21.1	0	0	3
144	10	0	3.6	293.201312	293.201251	293.201189	293.201312	0.000122994024	2.66836464e-05	0	21.6	0	0	3
145	10	0	3.625	293.201317	293.201257	293.201198	293.201317	0.000119195635	2.66030885e-05	0	22.3	0	0	3
146	10	0	3.65	293.201321	293.201263	293.201205	293.201321	0.000115960315	2.65202743e-05	0	22.8	0	0	3
147	10	0	3.675	293.201325	293.201268	293.201212	293.201325	0.000112802573	2.64351613e-05	0	23.4	0	0	3
148	10	0	3.7	293.201327	293.201274	293.201218	293.201327	0.000109030695	2.63472398e-05	0	24.1	0	0	3
149	10	0	3.725	293.201329	293.201279	293.201224	293.201329	0.000104989081	2.62560246e-05	0	25	0	0	3
150	10	0	3.75	293.20133	293.201284	293.201227	293.20133	0.000102415276	2.61615708e-05	0	25.5	0	0	3
151	10	0	3.775	293.201332	293.201289	293.201232	293.201332	0.000100244215	2.60648034e-05	0	26	0	0	3
152	10	0	3.8	293.201335	293.201294	293.201236	293.201335	9.92824612e-05	2.5966528e-05	0	26.1	0	0	3
153	10	0	3.825	293.20134	293.201299	293.201241	293.20134	9.95981057e-05	2.58679818e-05	0	25.9	0	0	3
154	10	0	3.85	293.201346	293.201304	293.201245	293.201346	0.000101031222	2.57700619e-05	0	25.5	0	0	3
155	10	0	3.875	293.201353	293.201309	293.201251	293.201353	0.000102424211	2.5673762e-05	0	25	0	0	3
156	10	0	3.9	293.20136	293.201314	293.201257	293.20136	0.00010310975	2.55791305e-05	0	24.8	0	0	3
157	10	0	3.925	293.201367	293.20132	293.201265	293.201367	0.000102018825	2.5485607e-05	0	24.9	0	0	3
158	10	0	3.95	293.201373	293.201325	293.201274	293.201373	9.94128531e-05	2.5393021e-05	0	25.5	0	0	3
159	10	0	3.975	293.201379	293.20133	293.201282	293.201379	9.7188329e-05	2.53007523e-05	0	26	0	0	3
160	10	0	4	293.201383	293.201335	293.20129	293.201383	9.33529349e-05	2.52079536e-05	0	27	0	0	3
