⸮0;22.50
249;22.25
500;22.50
751;22.00
1002;22.75
1253;22.25
1503;22.00
1754;22.75
2004;22.75
2255;22.50
2506;22.50
2757;22.25
3007;22.50
3258;22.75
3509;22.75
3760;22.75
4011;22.75
4261;22.50
4512;22.75
4762;22.50
5013;22.50
5264;22.75
5515;22.75
5766;22.50
6017;22.75
6267;22.50
6517;22.75
6768;22.75
7019;22.25
7270;22.25
7521;22.50
7772;22.50
8023;22.75
8272;22.25
8523;22.75
8774;22.75
9025;22.25
9276;22.75
9527;22.50
9777;22.50
10028;22.50
10278;22.25
10529;22.75
10780;22.50
11031;22.75
11282;22.75
11533;22.50
11784;22.25
12035;22.50
12284;22.75
12535;22.75
12786;22.75
13037;22.75
13288;22.50
13539;22.25
13790;22.75
14041;22.75
14291;22.50
14541;22.25
14792;22.75
15043;22.50
15294;22.75
15545;22.75
15796;22.50
16047;22.75
16297;22.50
16548;22.25
16799;22.75
17049;22.75
17300;22.50
17551;22.25
17802;22.75
18053;22.75
18304;22.50
18554;22.50
18805;22.50
19056;22.50
19307;22.50
19557;22.75
19808;22.50
20059;22.50
20310;22.50
20560;22.75
20811;22.75
21062;22.75
21313;22.25
21564;22.50
21814;22.25
22065;22.50
22316;22.50
22566;22.75
22817;22.75
23068;22.25
23319;22.75
23570;22.25
23821;22.50
24072;22.75
24322;22.75
24572;22.75
24823;22.50
25074;22.25
25325;22.50
25576;22.75
25827;22.25
26078;22.50
26329;22.00
26579;22.25
26829;22.00
27080;22.25
27331;22.75
27582;22.75
27833;22.75
28084;22.25
28335;22.75
28585;22.50
28836;22.75
29086;22.50
29337;22.75
29588;22.75
29839;23.75
30090;24.50
30341;27.25
30592;30.00
30842;32.75
31093;36.25
31344;38.75
31594;42.50
31845;45.50
32096;48.50
32347;51.00
32598;54.25
32848;56.50
33099;59.25
33350;60.75
33601;63.50
33852;65.75
34102;68.00
34353;69.75
34604;71.50
34854;72.50
35105;74.50
35356;75.25
35607;77.25
35858;78.50
36109;79.75
36360;80.50
36610;82.00
36860;83.00
37111;84.25
37362;85.25
37613;86.00
37864;87.00
38115;87.75
38366;88.50
38617;89.25
38867;90.25
39117;90.50
39368;91.50
39619;91.75
39870;92.25
40121;93.25
40372;93.50
40623;94.50
40873;95.00
41124;95.25
41375;95.75
41625;96.25
41876;96.50
42127;97.25
42378;97.75
42629;98.00
42880;98.25
43130;98.75
43381;99.25
43632;99.50
43882;99.75
44133;100.25
44384;100.50
44635;100.75
44886;101.75
45136;102.75
45387;103.75
45638;104.25
45889;106.00
46140;107.25
46391;107.75
46642;108.25
46893;109.75
47143;110.25
47394;111.25
47645;112.50
47896;113.75
48146;113.75
48397;116.00
48648;117.00
48899;117.75
49149;118.75
49400;120.00
49651;121.00
49902;122.25
50153;123.75
50404;124.50
50655;125.75
50906;126.50
51156;128.00
51407;129.00
51658;130.00
51909;131.00
52160;132.25
52410;132.75
52661;134.00
52912;135.00
53163;136.25
53413;137.00
53664;138.00
53915;138.75
54166;139.75
54417;140.75
54668;141.00
54919;140.00
55170;140.00
55420;138.50
55671;137.25
55922;136.00
56173;134.50
56424;132.50
56674;131.25
56925;129.50
57176;128.00
57426;126.50
57677;124.75
57928;123.75
58179;122.75
58430;121.25
58681;119.75
58932;119.00
59183;117.50
59433;117.00
59684;115.25
59935;115.00
60186;114.25
60437;113.50
60688;112.75
60939;112.25
61189;111.25
61440;111.25
61690;110.75
61941;110.25
62192;109.50
62443;109.00
62694;108.75
62945;108.50
63196;108.50
63447;107.75
63697;107.50
63948;107.25
64199;106.75
64450;106.75
64701;106.50
64952;106.50
65203;106.25
65453;106.00
65703;105.50
65954;105.50
66205;105.50
66456;104.50
66707;105.25
66958;104.50
67209;104.50
67460;104.50
67710;104.50
67961;104.50
68212;104.50
68463;104.25
68714;104.00
68965;103.75
69216;104.00
69467;103.75
69716;103.50
69967;103.50
70218;103.25
70469;103.25
70720;102.75
70971;102.75
71222;102.75
71473;102.50
71724;102.50
71974;102.75
72225;102.50
72476;102.75
72727;102.75
72978;102.50
73229;102.75
73480;102.25
73731;102.50
73981;102.00
74231;102.50
74482;102.50
74733;102.00
74984;102.50
75235;102.00
75486;101.75
75737;102.25
75987;102.25
76238;102.25
76489;102.50
76740;102.00
76991;102.00
77242;102.25
77493;102.25
77744;102.25
77995;102.50
78245;102.75
78495;102.50
78746;102.75
78997;102.75
79248;102.75
79499;102.50
79750;102.75
80001;103.25
80251;103.00
80502;102.75
80753;103.00
81004;103.00
81255;103.25
81506;103.25
81757;103.00
82008;103.00
82258;103.25
82509;103.25
82760;103.50
83010;102.75
83261;102.75
83512;103.00
83763;103.50
84014;103.50
84264;103.25
84515;103.25
84766;103.25
85017;103.50
85268;103.75
85519;103.25
85770;103.75
86021;102.75
86272;103.50
86522;104.00
86773;103.75
87024;103.25
87274;103.75
87525;103.75
87776;103.75
88027;103.50
88278;103.50
88528;103.25
88779;102.75
89030;103.00
89281;103.25
89532;102.75
89783;103.25
90034;102.75
90285;102.75
90535;102.50
90786;102.75
91037;102.75
91288;102.75
91539;102.50
91789;102.75
92040;102.25
92291;102.50
92541;102.50
92792;102.00
93043;102.00
93294;102.25
93545;102.00
93796;101.50
94047;101.75
94298;101.25
94548;101.75
94799;101.00
95050;100.75
95301;100.75
95552;100.75
95803;100.75
96053;100.75
96304;100.50
96555;100.50
96805;100.50
97056;100.50
97307;100.50
97558;100.00
97809;100.25
98060;100.25
98311;100.25
98562;99.75
98812;100.25
99063;100.00
99314;100.00
99565;99.75
99816;100.00
100066;100.00
100317;100.00
100568;99.75
100818;100.00
101069;100.00
101320;99.75
101571;100.00
101822;99.25
102073;99.50
102324;100.00
102575;99.75
102825;100.00
103076;100.00
103327;100.00
103578;99.25
103829;100.00
104080;99.75
104331;100.00
104582;100.00
104833;100.00
105083;99.75
105334;99.50
105585;99.75
105836;99.75
106087;99.00
106338;99.50
106589;99.50
106839;99.50
107089;99.25
107340;99.00
107591;99.25
107842;99.25
108093;99.00
108344;99.25
108595;99.50
108846;99.25
109096;99.00
109347;99.00
109598;98.50
109849;98.50
110100;98.75
110351;99.00
110602;98.75
110853;98.75
111102;98.50
111353;98.25
111604;98.50
111855;98.50
112106;98.25
112357;98.50
112608;98.25
112859;98.00
113110;98.25
113360;98.00
113611;98.25
113862;98.00
114113;98.00
114364;98.00
114615;98.00
114866;97.75
115117;97.50
115366;97.25
115617;97.75
115868;97.75
116119;97.75
116370;97.50
116621;96.75
116872;97.50
117123;97.25
117373;97.50
117624;97.25
117875;97.00
118126;97.00
118377;96.75
118628;97.25
118879;97.00
119130;96.50
119380;97.00
119631;97.25
119881;97.00
120132;96.50
120383;97.00
120634;96.50
120885;96.75
121136;96.25
121387;96.50
121637;96.00
121888;96.25
122139;96.50
122390;96.50
122641;96.50
122892;96.25
123143;96.25
123394;95.75
123644;96.25
123895;95.75
124145;96.00
124396;95.75
124647;96.00
124898;96.00
125149;95.25
125400;96.00
125650;96.00
125901;95.75
126152;95.75
126403;95.50
126654;95.00
126905;95.50
127156;95.25
127407;95.50
127657;95.75
127908;95.50
128159;95.25
128409;95.50
128660;95.50
128911;95.00
129162;95.00
129413;95.25
129664;95.25
129914;95.00
130165;94.50
130416;94.75
130667;94.75
130918;95.00
131169;95.00
131420;95.00
131671;94.25
131921;94.25
132172;94.75
132423;94.75
132673;94.75
132924;94.50
133175;94.25
133426;93.75
133677;94.25
133927;94.50
134178;94.25
134429;94.25
134680;93.75
134931;94.25
135182;94.25
135433;94.25
135684;93.75
135934;94.00
136185;93.50
136436;93.50
136687;93.75
136938;93.75
137188;93.75